Year,Month,Day,Hour,Minute,Second,RECORD,Ta_10M_Avg,Ta_20M_Avg,Ta_35M_Avg,Ta_52M_Avg,Ta_70M_Avg,Ta_95M_Avg,RH_10M_Avg,RH_20M_Avg,RH_35M_Avg,RH_52M_Avg,RH_70M_Avg,RH_95M_Avg,e_10M_Avg,e_20M_Avg,e_35M_Avg,e_52M_Avg,e_70M_Avg,e_95M_Avg,DR_Avg,UR_Avg,DLR_Avg,ULR_Avg,DLR_C_Avg,ULR_C_Avg,CNR4_T_Avg,CNR4_K_Avg,TT_C_Avg,SBT_C_Avg,TTmV_Avg,VW_10CM_Avg,VW_20CM_Avg,T_Soil_10CM_Avg,T_Soil_20CM_Avg,T2_Soil_10CM_Avg,T2_Soil_20CM_Avg,shf_Avg(1),shf_Avg(2)
2016,04,11,00,10,00,35,20.98,21.08,21.1,21.58,22.14,21.82,54.52,52.86,53.53,51.55,50.95,51.34,1.354,1.32,1.339,1.328,1.359,1.343,-4.514,1.181,-85.6,-3.469,337.4,419.5,20.74,293.9,19.97,21.03,-0.067,0.1,0.106,19.07,18.74,19.41,19.26,-4.078,4.439
2016,04,11,00,20,00,36,20.9,21.03,21.14,21.62,22.37,21.89,53.79,51.7,51.53,48.82,46.13,47.91,1.329,1.287,1.292,1.261,1.248,1.258,-4.387,1.326,-85.4,-3.426,337.1,419,20.65,293.8,19.91,20.98,-0.068,0.1,0.106,19.01,18.71,19.35,19.22,-4.332,4.133
2016,04,11,00,30,00,37,20.84,20.95,21.03,21.56,22.31,21.82,52.46,50.58,50.77,48.49,45.46,47.93,1.291,1.254,1.265,1.247,1.224,1.253,-4.331,1.12,-85.2,-3.588,337.1,418.7,20.62,293.8,19.81,20.96,-0.074,0.1,0.106,18.96,18.68,19.3,19.18,-4.591,3.841
2016,04,11,00,40,00,38,20.62,20.72,20.76,21.2,21.87,21.42,53.67,51.98,52.59,50.74,48.93,50.75,1.304,1.27,1.288,1.277,1.284,1.295,-4.434,1.007,-84,-3.468,337.1,417.7,20.42,293.6,19.56,20.72,-0.074,0.099,0.106,18.91,18.65,19.25,19.14,-4.848,3.551
2016,04,11,00,50,00,39,20.55,20.67,20.77,21.23,22.11,21.62,53.99,52.11,52.4,50.32,45.51,49.09,1.305,1.27,1.284,1.269,1.211,1.267,-4.312,1.39,-82.6,-3.286,337.8,417.1,20.29,293.4,19.57,20.62,-0.067,0.099,0.106,18.86,18.61,19.2,19.1,-5.109,3.273
2016,04,11,01,00,00,40,20.61,20.79,20.87,21.32,22.27,21.64,52.88,50.81,51.21,49.04,46.24,48.18,1.284,1.247,1.263,1.244,1.243,1.246,-4.08,1.584,-80.4,-3.439,340.3,417.3,20.35,293.5,19.61,20.71,-0.07,0.099,0.106,18.81,18.58,19.15,19.06,-5.37,3
2016,04,11,01,10,00,41,20.52,20.72,20.76,21.22,22.04,21.51,52.9,50.8,51.39,49.45,47.7,48.91,1.277,1.241,1.258,1.246,1.264,1.255,-4.108,1.343,-77.5,-3.628,343.2,417,20.33,293.5,19.52,20.65,-0.073,0.099,0.106,18.76,18.55,19.09,19.02,-5.626,2.725
2016,04,11,01,20,00,42,20.51,20.71,20.79,21.24,21.89,21.6,52.76,50.64,51.14,49.27,47.41,48.86,1.272,1.237,1.255,1.243,1.245,1.26,-3.918,1.359,-76.07,-3.545,344.5,417,20.32,293.5,19.57,20.64,-0.068,0.099,0.106,18.71,18.52,19.04,18.98,-5.871,2.464
2016,04,11,01,30,00,43,20.48,20.64,20.68,21.1,21.66,21.34,53.09,51.28,52.06,50.49,48.65,50.1,1.278,1.247,1.269,1.263,1.26,1.272,-3.87,1.215,-74.03,-3.46,346.3,416.9,20.29,293.4,19.51,20.6,-0.069,0.099,0.106,18.66,18.49,18.99,18.93,-6.095,2.205
2016,04,11,01,40,00,44,20.39,20.55,20.58,21.01,21.8,21.25,53.68,51.85,52.67,51.04,47.06,50.96,1.285,1.253,1.276,1.27,1.229,1.286,-3.854,1.204,-72.8,-3.4,347,416.4,20.19,293.3,19.45,20.49,-0.066,0.099,0.106,18.61,18.45,18.94,18.89,-6.298,1.953
2016,04,11,01,50,00,45,20.27,20.43,20.5,20.93,21.6,21.11,54.08,52.17,52.79,51.04,48.01,49.95,1.285,1.252,1.273,1.264,1.239,1.25,-3.92,1.134,-72.73,-3.447,346.6,415.9,20.1,293.2,19.32,20.42,-0.07,0.099,0.106,18.56,18.42,18.9,18.85,-6.484,1.708
2016,04,11,02,00,00,46,20.24,20.4,20.45,20.91,21.61,21.15,53.71,51.78,52.45,50.72,43.8,49.75,1.274,1.241,1.26,1.254,1.131,1.249,-3.937,1.344,-74.04,-3.334,344.8,415.5,20.02,293.2,19.27,20.34,-0.068,0.099,0.106,18.51,18.39,18.85,18.82,-6.645,1.471
2016,04,11,02,10,00,47,20.15,20.33,20.37,20.81,21.51,21.03,53.67,51.64,52.31,50.67,44.79,50.28,1.266,1.232,1.251,1.245,1.15,1.253,-3.943,1.341,-74.5,-3.564,344,414.9,19.95,293.1,19.15,20.27,-0.071,0.099,0.106,18.47,18.36,18.8,18.78,-6.783,1.242
2016,04,11,02,20,00,48,20.09,20.29,20.34,20.79,21.27,21.02,53.38,51.26,51.86,50.1,49.56,50.08,1.255,1.22,1.238,1.229,1.254,1.246,-3.943,1.356,-74.98,-3.652,343.2,414.5,19.9,293.1,19.1,20.23,-0.072,0.099,0.106,18.42,18.33,18.75,18.74,-6.912,1.021
2016,04,11,02,30,00,49,20.14,20.31,20.35,20.76,21.18,20.91,52.56,50.54,51.18,49.55,49.08,49.74,1.239,1.204,1.222,1.214,1.235,1.23,-3.923,1.526,-75.52,-3.413,342.3,414.4,19.84,293,19.1,20.15,-0.067,0.099,0.106,18.38,18.3,18.71,18.7,-7.038,0.815
2016,04,11,02,40,00,50,20.15,20.27,20.31,20.77,21.16,20.78,52.56,50.73,51.25,49.52,48.74,49.48,1.239,1.206,1.221,1.214,1.224,1.214,-4.214,1.382,-76.6,-3.573,341.1,414.1,19.82,293,19.05,20.12,-0.068,0.099,0.106,18.34,18.27,18.66,18.66,-7.166,0.625
2016,04,11,02,50,00,51,19.99,20.17,20.31,20.79,21.25,20.91,50.93,48.33,48.04,45.6,44.09,45.31,1.189,1.141,1.145,1.119,1.113,1.12,-4.186,1.285,-76.99,-4.539,340.3,412.7,19.74,292.9,18.84,20.06,-0.079,0.099,0.106,18.29,18.24,18.62,18.62,-7.302,0.433
2016,04,11,03,00,00,52,19.35,19.89,20.19,20.73,21.27,20.91,53.86,49.55,48.56,45.8,44.78,45.36,1.208,1.15,1.148,1.12,1.132,1.122,-4.073,0.978,-76.26,-5.423,339.8,410.7,19.54,292.7,18.57,19.97,-0.091,0.099,0.106,18.25,18.21,18.57,18.59,-7.447,0.246
2016,04,11,03,10,00,53,19.29,19.59,19.91,20.5,21.31,20.79,54.63,51.3,50.08,46.89,44.94,46.08,1.219,1.167,1.164,1.13,1.139,1.131,-4.515,0.463,-76.02,-5.809,339.3,409.5,19.4,292.5,18.34,19.86,-0.099,0.099,0.106,18.21,18.18,18.53,18.55,-7.6,0.067
2016,04,11,03,20,00,54,15.53,15.8,16.46,17.58,19.14,18.3,81.2,78.49,75.28,69.54,59.86,65.25,1.429,1.402,1.4,1.385,1.315,1.358,-7.63,-3.614,-70.51,-6.948,331.8,395.4,17.08,290.2,14.97,17.15,-0.142,0.099,0.106,18.17,18.15,18.49,18.51,-7.781,-0.11
2016,04,11,03,30,00,55,15.57,15.8,16.13,16.83,17.74,17.27,82.9,81.1,78.91,75.54,70.66,72.9,1.465,1.454,1.445,1.447,1.434,1.435,-2.941,0.561,-63.74,-1.52,330.9,393.1,15.68,288.8,15.34,16.01,-0.039,0.099,0.106,18.12,18.12,18.44,18.48,-7.995,-0.288
2016,04,11,03,40,00,56,15.95,16.07,16.19,16.7,17.56,17.12,80.3,78.95,78.19,76.2,71.37,73.86,1.455,1.441,1.438,1.447,1.431,1.441,-2.622,0.74,-63.36,-1.346,332.3,394.3,15.87,289,15.54,16.2,-0.038,0.099,0.106,18.08,18.09,18.4,18.44,-8.26,-0.462
2016,04,11,03,50,00,57,15.82,15.86,15.88,16.33,17.2,16.63,81.7,81,81.4,80.2,75.97,79.1,1.467,1.46,1.467,1.489,1.49,1.496,-2.843,0.475,-63.52,-1.339,331.4,393.5,15.73,288.9,15.34,15.94,-0.034,0.099,0.106,18.04,18.06,18.36,18.4,-8.59,-0.638
2016,04,11,04,00,00,58,15.53,15.57,15.6,16.04,17.22,16.52,84.1,83.5,83.7,82.5,78.38,80.5,1.483,1.476,1.483,1.504,1.54,1.512,-3.008,0.414,-63.96,-1.309,329.5,392.1,15.46,288.6,15.08,15.64,-0.031,0.099,0.106,17.99,18.03,18.31,18.37,-8.94,-0.816
2016,04,11,04,10,00,59,15.32,15.37,15.42,15.89,16.54,16.24,85.7,85,85.2,84.3,85.6,84,1.49,1.484,1.492,1.521,1.61,1.55,-2.969,0.531,-64.31,-1.132,327.8,391,15.23,288.4,14.93,15.45,-0.029,0.099,0.106,17.94,18,18.27,18.33,-9.29,-1.012
2016,04,11,04,20,00,60,15.18,15.26,15.32,15.81,16.28,15.92,87,86.6,87.5,87.8,91.6,89.4,1.5,1.501,1.522,1.577,1.695,1.616,-2.871,0.554,-64.75,-1.073,326.7,390.3,15.09,288.2,14.82,15.33,-0.027,0.099,0.106,17.9,17.97,18.22,18.29,-9.62,-1.217
2016,04,11,04,30,00,61,15.02,15.12,15.15,15.57,16.16,15.75,88.6,88.5,90,90.7,94.3,92.3,1.512,1.519,1.548,1.604,1.731,1.651,-2.973,0.527,-65.52,-1.107,325.1,389.5,14.95,288.1,14.66,15.15,-0.027,0.099,0.106,17.85,17.94,18.17,18.26,-9.93,-1.425
2016,04,11,04,40,00,62,15.16,15.2,15.17,15.56,15.92,15.71,91.5,91.4,93.2,93.8,95.9,94.7,1.575,1.578,1.605,1.657,1.735,1.69,-2.816,0.654,-65.65,-0.591,324.9,389.9,14.93,288.1,14.79,15.12,-0.015,0.099,0.105,17.8,17.91,18.13,18.22,-10.23,-1.637
2016,04,11,04,50,00,63,15.21,15.2,15.09,15.45,15.67,15.53,93.3,93.2,94.8,94.9,96.4,95.5,1.612,1.609,1.624,1.665,1.716,1.686,-2.814,0.592,-67.32,-0.495,323.5,390.3,14.98,288.1,14.83,15.09,-0.011,0.099,0.105,17.76,17.88,18.08,18.18,-10.52,-1.849
2016,04,11,05,00,00,64,15.09,15.07,14.94,15.31,15.46,15.31,94.2,93.9,95.6,95.6,96.7,95.9,1.614,1.608,1.623,1.661,1.698,1.668,-2.885,0.515,-66.71,-0.538,323.6,389.8,14.89,288,14.7,14.97,-0.011,0.099,0.105,17.71,17.85,18.04,18.15,-10.8,-2.061
2016,04,11,05,10,00,65,14.96,14.94,14.83,15.19,15.34,15.21,94.8,94.4,96,96,97,96.3,1.61,1.604,1.619,1.656,1.691,1.664,-2.677,0.512,-62.84,-0.438,326.9,389.3,14.78,287.9,14.62,14.87,-0.01,0.099,0.105,17.66,17.82,17.99,18.11,-11.04,-2.274
2016,04,11,05,20,00,66,14.84,14.82,14.7,15.06,15.34,15.11,95.2,94.8,96.3,96.4,97.2,96.6,1.605,1.597,1.611,1.648,1.694,1.659,-2.712,0.456,-63.03,-0.494,326,388.5,14.65,287.8,14.47,14.74,-0.011,0.099,0.105,17.62,17.79,17.94,18.07,-11.23,-2.483
2016,04,11,05,30,00,67,14.73,14.69,14.57,14.88,15.16,14.91,95.7,95.3,96.9,97,97.7,97.2,1.603,1.593,1.605,1.641,1.682,1.648,-2.5,0.475,-56.67,-0.236,331.7,388.1,14.53,287.7,14.4,14.61,-0.007,0.099,0.105,17.57,17.76,17.9,18.03,-11.38,-2.683
2016,04,11,05,40,00,68,14.59,14.55,14.41,14.77,14.91,14.82,95.9,95.5,97.1,97.3,98.2,97.6,1.592,1.581,1.592,1.634,1.664,1.645,-2.31,0.508,-55.33,-0.181,332.4,387.5,14.41,287.6,14.28,14.47,-0.006,0.099,0.105,17.53,17.73,17.85,18,-11.52,-2.879
2016,04,11,05,50,00,69,14.48,14.43,14.29,14.65,14.73,14.62,96,95.6,97.1,97.4,98.3,97.8,1.582,1.571,1.581,1.623,1.647,1.627,-1.09,0.687,-54.25,-0.129,332.9,387,14.3,287.5,14.18,14.36,-0.005,0.099,0.105,17.49,17.7,17.81,17.96,-11.64,-3.064
2016,04,11,06,00,00,70,14.38,14.32,14.18,14.55,14.72,14.47,96.1,95.7,97.1,97.5,98.4,97.9,1.573,1.561,1.569,1.615,1.648,1.612,1.801,1.154,-56.58,-0.105,330,386.5,14.2,287.4,14.08,14.25,-0.004,0.099,0.105,17.45,17.67,17.76,17.92,-11.74,-3.238
2016,04,11,06,10,00,71,14.26,14.21,14.06,14.4,14.59,14.4,96.1,95.7,97.1,97.4,98.6,97.9,1.561,1.55,1.557,1.597,1.637,1.605,10.1,2.88,-56.54,-0.071,329.5,386,14.11,287.3,13.99,14.14,-0.003,0.099,0.105,17.41,17.64,17.72,17.89,-11.85,-3.406
2016,04,11,06,20,00,72,14.19,14.12,13.97,14.27,14.45,14.23,95.9,95.6,96.9,97.2,98.4,97.7,1.551,1.539,1.545,1.58,1.618,1.585,23.61,5.448,-56.19,-0.007,329.6,385.8,14.05,287.2,13.94,14.06,-0.001,0.099,0.105,17.37,17.61,17.68,17.85,-11.94,-3.563
2016,04,11,06,30,00,73,14.11,14.03,13.87,14.17,14.25,14.21,95.7,95.5,96.7,97,98.4,97.6,1.54,1.528,1.532,1.566,1.598,1.58,42.19,9.11,-51.01,0.194,334.6,385.8,14.02,287.2,13.94,14,0.003,0.098,0.105,17.33,17.58,17.64,17.81,-12.04,-3.716
2016,04,11,06,40,00,74,14.03,13.93,13.77,14.11,14.19,14.12,95.2,95.1,96.3,96.4,98.2,97.1,1.523,1.512,1.515,1.551,1.589,1.563,64.79,13.85,-58.53,0.151,326.9,385.6,13.99,287.1,13.88,13.93,0.005,0.098,0.105,17.29,17.55,17.59,17.78,-12.11,-3.86
2016,04,11,06,50,00,75,13.87,13.75,13.58,13.85,14.13,13.87,94.9,94.9,96.2,96.7,97.2,97.2,1.503,1.492,1.495,1.53,1.566,1.54,71.92,15.17,-59.19,0.183,325.3,384.7,13.82,287,13.7,13.72,0.006,0.098,0.105,17.25,17.52,17.55,17.74,-12.14,-3.999
2016,04,11,07,00,00,76,13.64,13.51,13.34,13.62,13.78,13.59,94.9,95,96.3,96.9,97.5,97.5,1.481,1.47,1.474,1.51,1.537,1.516,72.31,14.81,-60.6,0.248,322.7,383.6,13.6,286.7,13.48,13.49,0.007,0.098,0.105,17.22,17.49,17.51,17.71,-12.1,-4.127
2016,04,11,07,10,00,77,13.54,13.43,13.27,13.62,14.09,13.64,94.8,94.8,96.1,96.4,95.6,96.9,1.469,1.46,1.464,1.503,1.538,1.512,78.64,16.05,-64,0.34,318.8,383.1,13.49,286.6,13.44,13.41,0.01,0.098,0.105,17.18,17.47,17.48,17.67,-12,-4.247
2016,04,11,07,20,00,78,13.46,13.33,13.14,13.43,13.75,13.46,94.8,94.9,96.2,96.7,97.3,97.2,1.462,1.45,1.453,1.489,1.529,1.5,103.3,21.44,-61.17,0.511,321.3,383,13.43,286.6,13.37,13.3,0.012,0.098,0.105,17.15,17.44,17.44,17.64,-11.87,-4.35
2016,04,11,07,30,00,79,13.14,12.99,12.79,13.07,13.58,13.13,94.7,94.9,96.3,96.9,96.3,97.5,1.431,1.419,1.421,1.456,1.497,1.472,115.9,24.3,-63.89,0.596,317.2,381.7,13.18,286.3,13.1,12.97,0.017,0.098,0.105,17.12,17.41,17.4,17.61,-11.77,-4.437
2016,04,11,07,40,00,80,13.07,12.89,12.7,12.98,13.38,12.98,94.4,94.7,96,96.2,95.7,96.7,1.419,1.407,1.408,1.438,1.469,1.446,172.9,38.36,-67.02,1.03,314.1,382.1,13.17,286.3,13.23,12.92,0.029,0.098,0.105,17.09,17.38,17.37,17.57,-11.66,-4.511
2016,04,11,07,50,00,81,13.24,12.98,12.8,13.05,13.58,13.12,92.5,93.3,94.5,94.3,93.8,94.6,1.407,1.396,1.395,1.416,1.46,1.428,237.9,53.71,-69.03,1.546,313.6,384.2,13.47,286.6,13.64,13.07,0.046,0.098,0.105,17.07,17.36,17.34,17.54,-11.5,-4.57
2016,04,11,08,00,00,82,13.38,13.08,12.88,13.19,13.64,13.19,90.5,91.5,92.7,92.6,91.2,92.8,1.389,1.378,1.376,1.403,1.424,1.406,288.7,63.9,-69.44,1.863,314.4,385.7,13.69,286.8,13.91,13.17,0.059,0.098,0.105,17.04,17.33,17.31,17.51,-11.27,-4.622
2016,04,11,08,10,00,83,13.53,13.22,12.99,13.25,13.82,13.22,88.4,89.5,90.7,90.7,87.8,90.5,1.37,1.359,1.357,1.38,1.387,1.374,319.7,68.1,-69.35,2.223,315.7,387.3,13.92,287.1,14.22,13.3,0.07,0.098,0.105,17.02,17.31,17.28,17.48,-10.86,-4.661
2016,04,11,08,20,00,84,13.67,13.34,13.1,13.35,13.89,13.44,86.4,87.5,88.8,88.6,86.3,88.2,1.351,1.339,1.337,1.357,1.369,1.358,334,68.97,-69.92,2.397,316.1,388.4,14.09,287.2,14.39,13.42,0.075,0.098,0.105,17.01,17.29,17.26,17.45,-10.17,-4.677
2016,04,11,08,30,00,85,13.85,13.5,13.23,13.5,13.91,13.45,84.5,85.6,87.1,87.2,86.8,87.4,1.337,1.324,1.324,1.348,1.379,1.348,378.6,76.57,-71.84,2.886,315.4,390.2,14.33,287.5,14.76,13.57,0.09,0.098,0.105,17,17.26,17.24,17.43,-9.21,-4.645
2016,04,11,08,40,00,86,13.96,13.59,13.32,13.55,14.16,13.68,83.6,84.7,85.9,85.6,80.7,85.2,1.331,1.317,1.313,1.328,1.303,1.334,420.9,83.4,-73.26,3.38,315.1,391.8,14.53,287.7,15.04,13.68,0.101,0.098,0.105,17.01,17.24,17.23,17.4,-8,-4.558
2016,04,11,08,50,00,87,14.26,13.85,13.59,13.8,14.31,13.92,81.9,83.1,84.5,84.3,81.8,84.1,1.331,1.315,1.314,1.33,1.334,1.336,381.1,72.78,-75.11,3.36,314.6,393.1,14.79,287.9,15.34,13.94,0.104,0.098,0.105,17.03,17.23,17.23,17.38,-6.59,-4.401
2016,04,11,09,00,00,88,14.68,14.22,13.9,14.11,14.24,14.03,79.31,80.6,82.1,82.2,83.4,82.6,1.324,1.306,1.303,1.322,1.353,1.323,486.3,91.7,-77.37,3.83,316.1,397.3,15.47,288.6,16.06,14.37,0.124,0.098,0.105,17.06,17.21,17.24,17.36,-4.976,-4.17
2016,04,11,09,10,00,89,15.19,14.69,14.38,14.54,14.58,14.46,77.21,78.38,79.89,79.86,80.7,80.3,1.332,1.309,1.308,1.321,1.339,1.322,524.4,96.3,-80.6,3.836,317.1,401.6,16.26,289.4,16.86,14.95,0.14,0.098,0.105,17.1,17.2,17.25,17.34,-3.242,-3.861
2016,04,11,09,20,00,90,15.53,14.93,14.63,14.9,15.01,14.89,73.62,75.13,76.4,76.13,76.51,76.31,1.299,1.275,1.271,1.289,1.305,1.292,561.1,100.2,-82.9,3.531,317.4,403.8,16.7,289.9,16.99,15.32,0.123,0.098,0.105,17.14,17.19,17.28,17.33,-1.385,-3.464
2016,04,11,09,30,00,91,15.62,15.03,14.69,14.9,14.93,14.79,72.36,73.79,75.58,75.48,77.15,76.26,1.283,1.26,1.262,1.278,1.309,1.283,587.8,103.2,-83.7,3.623,317.7,404.9,16.9,290,17.25,15.44,0.133,0.098,0.105,17.21,17.19,17.32,17.33,0.739,-2.988
2016,04,11,09,40,00,92,15.79,15.27,14.94,15.16,15.41,15.14,72.15,73.32,74.92,74.45,75.23,74.54,1.294,1.271,1.272,1.282,1.317,1.282,630.1,109.4,-82.8,5.09,318.8,406.7,16.96,290.1,17.66,15.56,0.154,0.098,0.105,17.28,17.19,17.37,17.33,3.188,-2.435
2016,04,11,09,50,00,93,16.14,15.56,15.17,15.26,15.37,15.26,70.95,72.16,74.15,74.23,76,75.13,1.301,1.275,1.278,1.286,1.327,1.302,662.6,113.1,-84.1,4.725,320.5,409.4,17.5,290.6,18.11,15.96,0.157,0.098,0.105,17.37,17.2,17.44,17.34,5.81,-1.776
2016,04,11,10,00,00,94,16.57,15.89,15.47,15.72,15.99,15.69,68.1,69.47,71.21,70.92,72.04,71.63,1.283,1.253,1.251,1.266,1.309,1.276,658.1,110.9,-84.3,5.619,322,411.9,17.8,290.9,18.62,16.21,0.176,0.098,0.105,17.48,17.21,17.52,17.35,8.51,-1.021
2016,04,11,10,10,00,95,16.82,16.15,15.76,15.95,16.05,15.9,66.72,68.03,69.85,69.52,71.03,70.27,1.277,1.248,1.25,1.259,1.296,1.269,710.8,119,-84.5,5.747,323.7,413.9,18.13,291.3,18.82,16.62,0.161,0.098,0.105,17.59,17.23,17.61,17.38,11.33,-0.176
2016,04,11,10,20,00,96,17.26,16.56,16.06,16.22,16.28,16.2,64.79,66.07,68.36,68,69.65,68.64,1.275,1.244,1.247,1.253,1.289,1.264,715.9,118.1,-86.2,5.731,325.4,417.3,18.74,291.9,19.55,16.96,0.189,0.098,0.105,17.72,17.25,17.72,17.41,14.35,0.768
2016,04,11,10,30,00,97,17.72,16.99,16.46,16.66,16.84,16.67,63.44,64.65,66.97,66.5,67.62,67.09,1.286,1.251,1.253,1.26,1.297,1.273,760.3,124.6,-86.3,6.138,328,420.4,19.22,292.4,19.87,17.38,0.182,0.098,0.105,17.86,17.28,17.84,17.44,17.57,1.807
2016,04,11,10,40,00,98,18.1,17.41,16.93,17.1,17.31,17.1,60.7,61.56,63.39,62.93,63.66,63.33,1.26,1.224,1.222,1.226,1.258,1.235,655.3,105.4,-86.7,3.977,330.4,421.1,19.72,292.9,19.9,17.89,0.148,0.098,0.105,18.01,17.32,17.97,17.49,20.92,2.943
2016,04,11,10,50,00,99,18.27,17.7,17.28,17.39,17.55,17.32,56.62,56.8,58.89,58.47,60.33,59.27,1.188,1.15,1.161,1.161,1.211,1.172,794.9,128.3,-86.3,5.393,332.4,424,19.98,293.1,20.59,18.42,0.16,0.098,0.105,18.17,17.36,18.11,17.54,24.35,4.169
2016,04,11,11,00,00,100,18.89,18.28,17.85,18,18.16,18.04,55.06,55.38,57.38,56.77,58.41,57.55,1.2,1.162,1.171,1.171,1.218,1.19,798.1,128.2,-87.7,6.135,335.1,428.9,20.7,293.9,21.56,18.92,0.193,0.098,0.105,18.34,17.4,18.26,17.6,27.69,5.484
2016,04,11,11,10,00,101,19.22,18.57,18.2,18.39,18.17,18.23,53.99,54.3,56.28,55.83,57.64,56.78,1.202,1.161,1.175,1.18,1.202,1.188,649.8,102.4,-87.2,3.155,338.1,428.4,21.14,294.3,20.99,19.57,0.106,0.098,0.105,18.52,17.46,18.42,17.67,30.88,6.868
2016,04,11,11,20,00,102,18.93,18.26,17.87,18.09,18.14,18.01,56.9,57.27,59.3,58.73,60.42,59.5,1.244,1.201,1.213,1.218,1.258,1.228,673.8,107.6,-80.6,4.517,341.8,426.9,20.64,293.8,21,19.1,0.141,0.098,0.104,18.7,17.51,18.58,17.75,34.11,8.3
2016,04,11,11,30,00,103,18.73,18.15,17.79,18.01,17.99,17.9,57.79,58.07,60.12,59.73,61.36,60.58,1.248,1.209,1.224,1.233,1.266,1.242,557.9,89.7,-79.49,3.075,340.6,423.2,20.23,293.4,20.15,18.81,0.101,0.098,0.104,18.89,17.57,18.75,17.83,37.17,9.78
2016,04,11,11,40,00,104,18.81,18.16,17.82,17.96,17.99,17.85,58.52,59.05,60.85,60.52,61.94,61.25,1.27,1.23,1.241,1.245,1.278,1.252,836,133.9,-79.94,6.834,342.9,429.7,20.71,293.9,21.43,18.8,0.192,0.098,0.104,19.07,17.64,18.92,17.91,39.7,11.29
2016,04,11,11,50,00,105,19.01,18.5,18.16,18.39,18.34,18.34,58.87,58.9,60.8,60.12,61.44,60.83,1.294,1.253,1.267,1.271,1.295,1.282,395,64.5,-73.58,1.835,347.5,422.9,20.41,293.6,20.08,18.9,0.089,0.098,0.104,19.25,17.71,19.09,18,41.64,12.78
2016,04,11,12,00,00,106,19.19,18.44,18.13,18.34,18.43,18.42,58.42,59.01,60.85,60.26,61.75,61.01,1.298,1.251,1.266,1.27,1.309,1.293,719.4,118.3,-71.06,6.694,351.3,429.1,20.64,293.8,21.42,18.98,0.179,0.098,0.104,19.41,17.78,19.25,18.09,43.43,14.21
2016,04,11,12,10,00,107,18.75,18.31,18.05,18.33,18.38,18.25,61.11,61.09,62.82,62.31,63.7,63.04,1.322,1.285,1.3,1.313,1.347,1.321,387.9,64.66,-64.56,2.287,353.8,420.6,19.93,293.1,19.76,18.72,0.08,0.098,0.104,19.57,17.85,19.4,18.19,45.01,15.58
2016,04,11,12,20,00,108,19.29,18.76,18.4,18.57,18.58,18.54,59.63,59.78,61.7,61.3,62.88,62.09,1.334,1.293,1.305,1.311,1.346,1.325,758.5,125.6,-65.19,6.659,357.6,429.5,20.71,293.9,21.67,19.23,0.179,0.099,0.104,19.72,17.92,19.55,18.28,46.31,16.99
2016,04,11,12,30,00,109,20.08,19.33,18.89,19.07,19.03,19.05,58.66,59.12,61.18,60.81,62.64,61.64,1.378,1.325,1.334,1.341,1.379,1.358,675.1,110.7,-69.35,4.752,359,433.1,21.66,294.8,21.97,19.89,0.153,0.099,0.104,19.86,17.99,19.69,18.38,47.03,18.34
2016,04,11,12,40,00,110,20.03,19.36,18.97,19.15,19.45,19.18,58.47,58.83,60.87,60.33,61.97,61.02,1.369,1.322,1.334,1.338,1.401,1.355,770.7,125.8,-69.06,5.794,358.9,433.7,21.6,294.7,22.2,19.91,0.169,0.099,0.104,19.99,18.07,19.82,18.47,47.44,19.55
2016,04,11,12,50,00,111,20.69,19.82,19.41,19.55,19.52,19.45,58.08,58.97,60.91,60.5,61.8,61.21,1.416,1.363,1.372,1.375,1.403,1.383,802,129.2,-74.3,6.053,358.7,439,22.46,295.6,22.96,20.54,0.178,0.099,0.104,20.11,18.13,19.94,18.56,48.04,20.62
2016,04,11,13,00,00,112,20.69,20.03,19.55,19.79,19.9,19.76,57.05,57.49,59.75,59.21,60.76,59.94,1.391,1.346,1.358,1.366,1.412,1.38,696.6,112.6,-73.73,4.211,359,436.9,22.42,295.6,22.53,20.79,0.129,0.099,0.104,20.23,18.2,20.05,18.64,48.79,21.6
2016,04,11,13,10,00,113,20.72,20.01,19.58,19.77,19.88,19.67,56.95,57.23,59.25,58.72,60.31,59.51,1.392,1.338,1.349,1.353,1.4,1.363,768.1,123.2,-78.5,4.772,355.7,439,22.67,295.8,22.97,20.82,0.158,0.099,0.104,20.34,18.27,20.17,18.73,49.44,22.5
2016,04,11,13,20,00,114,20.62,19.95,19.55,19.74,19.78,19.61,57.21,57.55,59.76,59.39,61,60.28,1.39,1.341,1.358,1.365,1.407,1.375,555.1,87.8,-75.59,2.603,357.4,435.6,22.46,295.6,22.09,20.66,0.107,0.098,0.104,20.44,18.33,20.28,18.81,49.61,23.35
2016,04,11,13,30,00,115,20.73,20.15,19.77,20.07,20.07,19.96,56.35,56.38,58.22,57.58,59.29,58.35,1.378,1.33,1.341,1.352,1.393,1.361,701.2,113.9,-70.57,4.755,361.5,436.8,22.3,295.4,22.58,20.69,0.14,0.098,0.104,20.53,18.4,20.39,18.9,49.39,24.14
2016,04,11,13,40,00,116,20.93,20.25,19.88,20.1,20.05,19.96,56.44,56.91,58.94,58.43,59.77,59.24,1.397,1.351,1.367,1.374,1.402,1.381,751.6,119.4,-80.4,3.291,355.9,439.6,23.02,296.2,22.72,21.18,0.115,0.098,0.104,20.61,18.46,20.5,18.98,48.92,24.84
2016,04,11,13,50,00,117,20.53,20.01,19.72,19.94,19.9,19.87,57.96,58.2,59.99,59.45,61.34,60.51,1.4,1.361,1.378,1.385,1.426,1.404,695.1,111.1,-75.03,3.899,358.2,437.1,22.5,295.7,22.45,20.71,0.129,0.098,0.104,20.68,18.52,20.6,19.07,48.24,25.44
2016,04,11,14,00,00,118,20.99,20.36,19.98,20.11,20.12,20.09,57.89,58.23,60.27,59.89,61.75,60.9,1.438,1.392,1.407,1.41,1.455,1.432,685.6,109.3,-76.58,2.381,361,440,23.25,296.4,22.94,21.25,0.125,0.098,0.104,20.75,18.57,20.69,19.15,47.44,25.94
2016,04,11,14,10,00,119,21.08,20.47,20.07,20.36,20.41,20.19,59.1,59.36,61.32,60.85,62.23,61.44,1.476,1.428,1.44,1.454,1.493,1.453,499.3,79.24,-73.67,0.316,362.5,436.5,23.01,296.2,22.13,21.27,0.066,0.098,0.104,20.8,18.63,20.76,19.22,46.55,26.33
2016,04,11,14,20,00,120,20.8,20.28,19.94,20.15,20.28,20.13,60.83,60.77,62.67,62.25,63.84,62.95,1.494,1.445,1.459,1.469,1.519,1.483,618.7,101.4,-64.35,2.822,368.6,435.7,22.45,295.6,22.43,20.87,0.117,0.098,0.104,20.84,18.68,20.83,19.3,45.76,26.63
2016,04,11,14,30,00,121,20.79,20.22,19.94,20.16,20.2,20.07,61.39,61.71,63.61,63.25,65.08,64.17,1.507,1.462,1.481,1.493,1.541,1.507,542.8,87.2,-63.69,1.676,370.6,436,22.69,295.8,22.26,20.9,0.102,0.098,0.104,20.88,18.72,20.89,19.36,45.07,26.85
2016,04,11,14,40,00,122,20.59,20.19,19.95,20.19,20.26,20.2,62.99,62.75,64.51,64.21,65.53,64.83,1.527,1.483,1.503,1.519,1.558,1.535,343.2,56.6,-56.07,1.486,372.7,430.3,21.74,294.9,21.4,20.6,0.063,0.098,0.104,20.92,18.77,20.93,19.43,44.35,26.99
2016,04,11,14,50,00,123,20.33,20.01,19.72,19.99,20.04,19.92,65.02,64.7,66.54,66.16,67.9,66.91,1.551,1.513,1.528,1.545,1.591,1.557,279.8,47.3,-52.11,1.374,373.7,427.2,21.23,294.4,20.96,20.31,0.052,0.098,0.104,20.95,18.81,20.97,19.48,43.64,27.09
2016,04,11,15,00,00,124,20.19,19.84,19.51,19.74,19.8,19.68,66.39,66.05,68,67.78,69.51,68.54,1.57,1.528,1.542,1.559,1.605,1.571,279.3,47.61,-50.07,1.835,373.9,425.8,20.92,294.1,20.8,20.06,0.058,0.098,0.104,20.98,18.85,21.01,19.54,42.74,27.15
2016,04,11,15,10,00,125,20.06,19.75,19.5,19.76,19.86,19.72,67.4,66.92,68.68,68.44,70.36,69.31,1.581,1.54,1.556,1.576,1.632,1.592,185.4,32.3,-48.92,0.725,373.7,423.4,20.68,293.8,20.31,19.96,0.031,0.098,0.104,21,18.89,21.04,19.59,41.57,27.15
2016,04,11,15,20,00,126,19.72,19.46,19.25,19.51,19.64,19.56,69.41,68.87,70.58,70.35,72.05,71.11,1.594,1.557,1.574,1.595,1.647,1.618,153.4,27.15,-46.71,0.747,372.8,420.3,20.14,293.3,19.83,19.63,0.02,0.098,0.104,21.01,18.92,21.05,19.63,40.23,27.1
2016,04,11,15,30,00,127,19.44,19.2,18.97,19.27,19.3,19.25,70.72,70.01,71.7,71.52,73.06,72.15,1.596,1.557,1.572,1.597,1.636,1.61,135.6,24.26,-45.92,0.972,370.9,417.8,19.67,292.8,19.47,19.33,0.016,0.098,0.104,21.01,18.95,21.07,19.67,38.79,26.97
2016,04,11,15,40,00,128,19.14,18.95,18.73,19.03,19.17,18.91,72.1,71.35,72.98,72.81,74.47,73.47,1.597,1.562,1.576,1.603,1.655,1.605,130,23.33,-44.38,1.039,370.5,415.9,19.32,292.5,19.17,19.02,0.017,0.098,0.104,21,18.98,21.07,19.71,37.19,26.77
2016,04,11,15,50,00,129,19.04,18.86,18.65,18.95,19.11,18.9,73.17,72.41,74.09,73.99,75.7,74.69,1.611,1.577,1.592,1.62,1.675,1.631,142.8,25.76,-43.45,1.376,370.7,415.5,19.2,292.3,19.17,18.88,0.026,0.098,0.104,20.98,19,21.06,19.74,35.41,26.49
2016,04,11,16,00,00,130,18.98,18.77,18.55,18.82,18.97,18.82,73.85,73.15,74.92,74.91,76.44,75.55,1.62,1.584,1.599,1.627,1.677,1.641,141.3,25.42,-42.87,1.182,371.3,415.3,19.19,292.3,19.12,18.82,0.028,0.098,0.104,20.95,19.02,21.05,19.76,33.5,26.14
2016,04,11,16,10,00,131,18.94,18.74,18.53,18.79,19,18.8,74.25,73.46,75.14,75.11,76.58,75.74,1.624,1.587,1.603,1.628,1.683,1.643,131.3,23.52,-42.56,0.857,371.7,415.2,19.22,292.4,19.06,18.82,0.023,0.098,0.104,20.92,19.04,21.03,19.78,31.55,25.71
2016,04,11,16,20,00,132,18.92,18.75,18.56,18.85,18.93,18.85,74.13,73.14,74.64,74.42,75.87,74.98,1.62,1.581,1.595,1.619,1.66,1.632,108.7,19.83,-41.22,0.664,372.5,414.4,19.12,292.3,18.93,18.81,0.015,0.098,0.104,20.87,19.05,21,19.8,29.7,25.21
2016,04,11,16,30,00,133,18.87,18.73,18.53,18.81,19.07,18.8,72.87,71.95,73.45,73.23,74.78,73.88,1.588,1.554,1.567,1.59,1.651,1.602,142.6,25.78,-40.6,0.918,372.5,414,19.01,292.2,18.93,18.76,0.018,0.098,0.104,20.83,19.06,20.97,19.81,27.98,24.64
2016,04,11,16,40,00,134,18.86,18.66,18.42,18.71,18.77,18.72,72.65,71.98,73.65,73.5,75.16,74.2,1.582,1.547,1.56,1.586,1.629,1.602,186,32.71,-42.35,1.483,371,414.8,19.05,292.2,19.07,18.71,0.032,0.098,0.104,20.78,19.07,20.93,19.82,26.38,24.04
2016,04,11,16,50,00,135,18.76,18.57,18.35,18.65,18.78,18.64,72.69,71.99,73.67,73.53,75.02,74.18,1.572,1.539,1.553,1.58,1.626,1.593,153.7,27.37,-42.38,1.195,370.4,414,18.95,292.1,18.92,18.61,0.028,0.098,0.104,20.73,19.07,20.89,19.82,24.83,23.4
2016,04,11,17,00,00,136,18.72,18.55,18.35,18.59,18.72,18.66,72.5,71.74,73.37,73.17,74.62,73.71,1.565,1.532,1.547,1.566,1.611,1.586,170.6,30.26,-42.75,1.259,369.8,413.8,18.91,292.1,18.92,18.61,0.028,0.098,0.104,20.67,19.07,20.84,19.81,23.41,22.74
2016,04,11,17,10,00,137,18.86,18.66,18.45,18.7,18.94,18.7,72.54,71.88,73.52,73.38,74.8,73.88,1.58,1.546,1.56,1.582,1.637,1.593,188.1,33.16,-47.98,1.163,365.5,414.7,19.08,292.2,19.05,18.76,0.027,0.098,0.104,20.62,19.07,20.79,19.81,22.14,22.07
2016,04,11,17,20,00,138,18.85,18.67,18.48,18.76,19.05,18.75,71.48,70.7,72.26,71.94,73.13,72.32,1.556,1.521,1.536,1.557,1.612,1.564,164.3,28.6,-55.75,0.227,357.7,413.7,19.08,292.2,18.84,18.82,0.008,0.098,0.104,20.56,19.06,20.75,19.8,20.97,21.41
2016,04,11,17,30,00,139,18.7,18.56,18.38,18.7,18.85,18.65,71.55,70.74,72.35,72.09,73.56,72.71,1.542,1.511,1.529,1.554,1.602,1.563,112.3,19.42,-53.25,0.111,358.9,412.3,18.84,292,18.58,18.66,0.001,0.098,0.104,20.51,19.06,20.7,19.79,19.88,20.75
2016,04,11,17,40,00,140,18.53,18.42,18.25,18.54,18.79,18.53,72.98,72.04,73.57,73.27,74.17,73.79,1.557,1.525,1.542,1.563,1.609,1.574,74.93,13.36,-48.22,0.184,362.4,410.8,18.57,291.7,18.35,18.44,0.001,0.097,0.104,20.46,19.05,20.65,19.78,18.8,20.11
2016,04,11,17,50,00,141,18.46,18.37,18.23,18.57,18.78,18.53,73.42,72.32,73.53,72.81,72.72,72.91,1.559,1.527,1.539,1.557,1.576,1.555,50.57,9.46,-43.71,0.213,366.1,410.1,18.43,291.6,18.25,18.35,0,0.097,0.104,20.4,19.04,20.6,19.76,17.64,19.47
2016,04,11,18,00,00,142,18.45,18.4,18.3,18.65,19.1,18.79,71.9,70.38,71.03,69.98,68.83,69.46,1.526,1.489,1.493,1.504,1.522,1.506,32.15,6.291,-43.33,0.005,366.2,409.5,18.38,291.5,18.19,18.36,-0.005,0.097,0.104,20.34,19.03,20.55,19.74,16.45,18.84
2016,04,11,18,10,00,143,18.56,18.52,18.4,18.75,19.07,18.83,68.42,67,68.02,67.02,66.12,66.84,1.462,1.428,1.439,1.449,1.46,1.452,32.27,6.554,-44.75,-0.191,365.2,409.7,18.44,291.6,18.2,18.45,-0.01,0.097,0.104,20.28,19.02,20.5,19.73,15.25,18.21
2016,04,11,18,20,00,144,18.51,18.48,18.38,18.72,19.12,18.88,67.84,66.32,67.18,65.96,64.42,65.37,1.445,1.41,1.419,1.424,1.427,1.425,23.67,4.976,-51.08,-0.655,358.6,409.1,18.41,291.6,18.08,18.44,-0.018,0.097,0.103,20.22,19,20.44,19.7,14.02,17.57
2016,04,11,18,30,00,145,18.43,18.44,18.38,18.78,19.21,18.83,66.26,64.37,64.56,62.96,60.39,62.01,1.404,1.365,1.363,1.364,1.344,1.347,15.82,3.862,-54.39,-0.852,354.7,408.3,18.3,291.4,17.91,18.36,-0.025,0.097,0.103,20.15,18.99,20.38,19.68,12.78,16.93
2016,04,11,18,40,00,146,18.52,18.58,18.57,18.89,19.22,19.03,60.1,57.65,57.32,55.5,54.2,54.97,1.28,1.233,1.225,1.21,1.207,1.21,5.267,2.458,-59.96,-1.274,349.2,407.9,18.32,291.5,17.92,18.45,-0.03,0.097,0.103,20.09,18.97,20.32,19.66,11.53,16.28
2016,04,11,18,50,00,147,18.61,18.64,18.61,18.93,19.23,18.94,53.83,52.07,52.49,51.02,51.14,51.18,1.153,1.118,1.125,1.116,1.14,1.12,-0.656,1.047,-47.17,-1.226,362.6,408.5,18.41,291.6,18.04,18.53,-0.027,0.097,0.103,20.02,18.95,20.26,19.63,10.3,15.62
2016,04,11,19,00,00,148,18.53,18.54,18.5,18.88,19.17,18.94,52.78,51.36,52.04,50.67,51.18,50.82,1.126,1.096,1.107,1.105,1.137,1.112,-2.463,0.564,-49.57,-1.438,359.9,408.1,18.37,291.5,17.9,18.49,-0.035,0.097,0.103,19.94,18.93,20.2,19.6,9.07,14.96
2016,04,11,19,10,00,149,18.46,18.45,18.37,18.69,18.92,18.68,52.73,51.39,52.31,50.97,51.75,51.39,1.119,1.09,1.105,1.098,1.132,1.107,-2.814,0.662,-52.33,-1.343,356.5,407.5,18.25,291.4,17.8,18.37,-0.033,0.097,0.103,19.87,18.91,20.13,19.57,7.831,14.28
2016,04,11,19,20,00,150,18.34,18.34,18.28,18.63,18.79,18.75,53.3,51.94,52.85,51.66,52.78,52.18,1.123,1.094,1.109,1.108,1.145,1.129,-2.879,0.563,-51.69,-1.488,356.7,406.9,18.17,291.3,17.68,18.28,-0.035,0.097,0.103,19.79,18.89,20.06,19.54,6.599,13.61
2016,04,11,19,30,00,151,18.18,18.18,18.12,18.52,18.68,18.56,54.31,52.94,53.89,52.71,53.55,53.1,1.133,1.105,1.12,1.124,1.154,1.134,-2.876,0.577,-52.24,-1.4,355.2,406,18,291.2,17.54,18.12,-0.033,0.097,0.103,19.72,18.86,19.99,19.5,5.395,12.93
2016,04,11,19,40,00,152,18.07,18.08,18.01,18.36,18.66,18.4,54.99,53.6,54.54,53.42,54.43,53.88,1.139,1.111,1.126,1.127,1.171,1.14,-2.786,0.613,-50.51,-1.236,356.3,405.6,17.89,291,17.49,18,-0.029,0.097,0.103,19.64,18.83,19.92,19.47,4.235,12.24
2016,04,11,19,50,00,153,17.95,17.94,17.88,18.23,18.59,18.31,55.65,54.3,55.16,54.08,54.95,54.34,1.144,1.116,1.129,1.132,1.177,1.143,-2.891,0.575,-51.7,-1.219,354.4,404.9,17.77,290.9,17.35,17.89,-0.03,0.097,0.103,19.56,18.8,19.85,19.43,3.136,11.55
2016,04,11,20,00,00,154,17.83,17.85,17.8,18.17,18.62,18.27,56.16,54.71,55.54,54.1,53.95,54.13,1.146,1.118,1.131,1.128,1.158,1.136,-3.317,0.586,-62.14,-1.595,343.4,403.9,17.66,290.8,17.17,17.78,-0.036,0.097,0.103,19.48,18.77,19.78,19.39,2.116,10.86
2016,04,11,20,10,00,155,17.68,17.71,17.64,18.04,18.49,18.15,57.12,55.66,56.66,55.49,55.14,55.43,1.155,1.128,1.143,1.148,1.174,1.155,-3.935,0.724,-76.32,-1.814,328.2,402.7,17.47,290.6,16.91,17.59,-0.04,0.097,0.103,19.4,18.74,19.71,19.35,1.162,10.18
2016,04,11,20,20,00,156,17.51,17.53,17.47,17.86,18.26,17.99,58.53,57.14,58.16,56.98,57.46,57.14,1.171,1.144,1.16,1.165,1.205,1.178,-4.446,0.772,-82.4,-2.041,321,401.4,17.28,290.4,16.69,17.42,-0.043,0.097,0.103,19.32,18.71,19.63,19.31,0.277,9.51
2016,04,11,20,30,00,157,17.29,17.3,17.27,17.71,18.02,17.79,59.96,58.56,59.48,58.34,58.91,58.65,1.182,1.156,1.172,1.182,1.218,1.194,-4.334,0.836,-77.83,-1.749,324.3,400.4,17.05,290.2,16.52,17.2,-0.041,0.097,0.103,19.24,18.68,19.56,19.27,-0.6,8.86
2016,04,11,20,40,00,158,17.12,17.13,17.09,17.49,17.86,17.61,61.07,59.66,60.59,59.47,60.04,59.7,1.192,1.165,1.18,1.188,1.228,1.202,-4.153,0.83,-75.51,-1.738,325.7,399.5,16.88,290,16.36,17.04,-0.04,0.097,0.103,19.17,18.64,19.49,19.22,-1.481,8.22
2016,04,11,20,50,00,159,16.96,16.99,16.97,17.37,17.86,17.57,61.91,60.41,61.22,59.9,59.3,59.81,1.196,1.169,1.183,1.188,1.213,1.201,-4.372,0.929,-79.97,-1.755,320.3,398.5,16.71,289.9,16.16,16.87,-0.042,0.097,0.103,19.09,18.61,19.42,19.18,-2.374,7.594
2016,04,11,21,00,00,160,16.85,16.87,16.86,17.26,17.78,17.51,62.58,61.12,61.88,60.56,59.58,60.27,1.2,1.174,1.188,1.192,1.213,1.206,-4.4,0.997,-80.5,-1.804,319,397.7,16.57,289.7,16.05,16.74,-0.04,0.096,0.103,19.01,18.57,19.35,19.13,-3.232,6.975
2016,04,11,21,10,00,161,16.72,16.79,16.84,17.35,17.78,17.54,63.32,61.58,61.92,60.1,59.02,59.45,1.205,1.177,1.187,1.19,1.201,1.192,-4.326,1.121,-79.68,-1.848,319.2,397,16.46,289.6,15.99,16.68,-0.04,0.096,0.103,18.93,18.54,19.28,19.09,-4.034,6.367
2016,04,11,21,20,00,162,16.7,16.8,16.87,17.34,17.7,17.52,63.15,61.27,61.49,60,59.35,59.68,1.2,1.171,1.181,1.188,1.202,1.195,-4.318,1.28,-78.67,-1.88,320,396.8,16.43,289.6,15.96,16.69,-0.043,0.096,0.103,18.86,18.5,19.21,19.04,-4.795,5.767
2016,04,11,21,30,00,163,16.68,16.75,16.77,17.24,17.68,17.27,62.96,61.24,61.78,60.58,59.87,60.15,1.195,1.167,1.179,1.191,1.211,1.185,-4.185,1.417,-77.6,-1.745,320.6,396.5,16.34,289.5,15.86,16.61,-0.045,0.096,0.103,18.78,18.47,19.14,19,-5.502,5.181
2016,04,11,21,40,00,164,16.69,16.77,16.78,17.19,17.59,17.3,62.52,60.78,61.37,59.95,59.72,59.76,1.187,1.16,1.172,1.175,1.201,1.179,-4.126,1.415,-77.59,-1.791,320.7,396.5,16.36,289.5,15.91,16.64,-0.044,0.096,0.103,18.71,18.43,19.06,18.95,-6.162,4.606
2016,04,11,21,50,00,165,16.7,16.78,16.8,17.22,17.54,17.32,62.26,60.54,61.17,59.93,60.36,60.11,1.183,1.156,1.17,1.177,1.21,1.188,-3.99,1.466,-77.09,-1.784,321.2,396.5,16.35,289.5,15.88,16.66,-0.047,0.096,0.103,18.63,18.39,18.99,18.9,-6.781,4.05
2016,04,11,22,00,00,166,16.61,16.66,16.69,17.12,17.44,17.22,62.68,61.12,61.76,60.58,61.06,60.59,1.184,1.159,1.173,1.182,1.216,1.19,-4.134,1.285,-76.24,-1.869,321.7,396.1,16.3,289.4,15.83,16.6,-0.046,0.096,0.103,18.56,18.35,18.92,18.86,-7.349,3.511
2016,04,11,22,10,00,167,16.53,16.6,16.61,17.05,17.39,17.12,63.13,61.43,62.15,60.9,61.25,61.02,1.186,1.16,1.174,1.183,1.216,1.191,-4.067,1.343,-75.24,-1.901,322.3,395.7,16.22,289.4,15.71,16.51,-0.048,0.096,0.103,18.49,18.31,18.86,18.81,-7.874,2.984
2016,04,11,22,20,00,168,16.51,16.59,16.58,17,17.3,17.07,63.12,61.4,62.18,61.05,61.49,61.26,1.185,1.159,1.173,1.183,1.214,1.192,-3.902,1.345,-74.77,-1.915,322.7,395.6,16.21,289.4,15.71,16.49,-0.047,0.096,0.103,18.42,18.28,18.79,18.76,-8.36,2.485
2016,04,11,22,30,00,169,16.39,16.47,16.5,16.9,17.3,17.02,63.53,61.79,62.35,61.18,61.51,61.32,1.184,1.157,1.169,1.177,1.215,1.19,-3.88,1.247,-74.17,-1.815,322.9,395.2,16.13,289.3,15.64,16.41,-0.046,0.096,0.103,18.35,18.24,18.72,18.71,-8.8,2.002
2016,04,11,22,40,00,170,16.29,16.37,16.37,16.79,17.34,16.99,63.8,62.03,62.71,61.61,61.39,61.4,1.181,1.154,1.166,1.177,1.216,1.189,-3.888,1.126,-73.28,-2.056,323.3,394.5,16.04,289.2,15.44,16.32,-0.053,0.096,0.103,18.28,18.2,18.65,18.67,-9.22,1.538
2016,04,11,22,50,00,171,16.27,16.35,16.41,16.84,17.33,17.03,63.51,61.72,62.12,60.79,60.45,60.55,1.174,1.147,1.158,1.166,1.196,1.175,-3.753,1.272,-72.54,-1.722,323.8,394.6,16,289.1,15.57,16.3,-0.043,0.096,0.103,18.22,18.16,18.59,18.62,-9.61,1.095
2016,04,11,23,00,00,172,16.38,16.45,16.48,16.9,17.32,17,62.75,61.06,61.62,60.34,60.47,60.43,1.168,1.142,1.155,1.161,1.196,1.17,-3.65,1.326,-72.71,-1.607,324.1,395.2,16.08,289.2,15.64,16.37,-0.043,0.096,0.103,18.15,18.12,18.53,18.57,-9.97,0.676
2016,04,11,23,10,00,173,16.38,16.46,16.46,16.86,17.24,16.99,62.93,61.24,62.01,60.91,61.07,60.94,1.172,1.146,1.16,1.169,1.202,1.18,-3.687,1.232,-72.42,-1.677,324.6,395.3,16.12,289.3,15.72,16.39,-0.039,0.096,0.103,18.09,18.09,18.46,18.52,-10.31,0.274
2016,04,11,23,20,00,174,16.46,16.51,16.48,16.88,17.24,16.98,62.85,61.28,62.2,61.13,61.75,61.33,1.176,1.15,1.165,1.175,1.215,1.186,-3.599,1.185,-72.32,-1.759,325,395.5,16.17,289.3,15.67,16.42,-0.044,0.096,0.103,18.03,18.05,18.4,18.48,-10.64,-0.113
2016,04,11,23,30,00,175,16.35,16.37,16.34,16.73,17.19,16.88,63.56,62.1,63.04,61.96,62.41,62.11,1.181,1.155,1.171,1.18,1.224,1.194,-3.71,0.914,-71.85,-2.081,325.1,394.9,16.12,289.3,15.54,16.34,-0.047,0.096,0.103,17.97,18.01,18.34,18.43,-10.95,-0.488
2016,04,11,23,40,00,176,16.22,16.3,16.28,16.65,17.12,16.85,64.42,62.73,63.61,62.55,62.84,62.61,1.187,1.162,1.177,1.184,1.227,1.202,-3.607,1.063,-71.36,-2.055,325,394.3,16,289.2,15.43,16.24,-0.049,0.096,0.103,17.91,17.97,18.28,18.38,-11.23,-0.834
2016,04,11,23,50,00,177,16.08,16.15,16.16,16.58,17.04,16.71,65.26,63.6,64.39,63.34,63.67,63.42,1.192,1.167,1.182,1.194,1.237,1.206,-3.668,0.95,-70.69,-2.189,325.1,393.6,15.89,289,15.3,16.15,-0.051,0.096,0.103,17.85,17.94,18.22,18.34,-11.48,-1.173
2016,04,12,00,00,00,178,15.93,16.02,16.03,16.47,16.92,16.68,66.06,64.33,65.11,64.01,64.45,64.1,1.195,1.17,1.185,1.199,1.243,1.217,-3.632,0.992,-70.14,-2.161,324.9,392.9,15.76,288.9,15.2,16.01,-0.048,0.096,0.102,17.79,17.9,18.17,18.29,-11.7,-1.5
