Year,Month,Day,Hour,Minute,Second,RECORD,Ta_10M_Avg,Ta_20M_Avg,Ta_35M_Avg,Ta_52M_Avg,Ta_70M_Avg,Ta_95M_Avg,RH_10M_Avg,RH_20M_Avg,RH_35M_Avg,RH_52M_Avg,RH_70M_Avg,RH_95M_Avg,e_10M_Avg,e_20M_Avg,e_35M_Avg,e_52M_Avg,e_70M_Avg,e_95M_Avg,DR_Avg,UR_Avg,DLR_Avg,ULR_Avg,DLR_C_Avg,ULR_C_Avg,CNR4_T_Avg,CNR4_K_Avg,TT_C_Avg,SBT_C_Avg,TTmV_Avg,VW_10CM_Avg,VW_20CM_Avg,T_Soil_10CM_Avg,T_Soil_20CM_Avg,T2_Soil_10CM_Avg,T2_Soil_20CM_Avg,shf_Avg(1),shf_Avg(2)
2016,06,01,00,10,00,7379,20.04,19.96,19.87,20.23,20.55,20.22,98.9,98.2,99.1,99.5,99.8,99.7,2.318,2.29,2.297,2.36,2.413,2.362,-0.073,0.03,-0.633,0.561,417.7,418.9,19.93,293.1,19.84,19.92,0,0.208,0.189,21.87,21.88,22.15,22.18,-4.123,3.81
2016,06,01,00,20,00,7380,19.85,19.78,19.68,20.04,-19.4,20.06,99,98.3,99.1,99.5,55.59,99.8,2.291,2.267,2.272,2.332,1.283,2.341,-0.108,-0.023,-0.761,0.597,416.5,417.9,19.74,292.9,19.7,19.75,0.003,0.202,0.183,21.79,21.83,22.09,22.16,-5.183,2.872
2016,06,01,00,30,00,7381,19.79,19.71,19.62,19.96,-4.456,20.01,99,98.4,99.2,99.5,6.67,99.8,2.284,2.26,2.263,2.321,-9999,2.333,-0.083,0.005,-1.463,0.948,415.5,417.9,19.69,292.8,19.62,19.68,0.002,0.2,0.182,21.71,21.79,22.03,22.13,-6.201,2.019
2016,06,01,00,40,00,7382,19.71,19.63,19.55,19.91,-56.36,19.94,99,98.5,99.2,99.6,3.79,99.7,2.273,2.25,2.254,2.317,0,2.324,-0.104,-0.017,-1.83,1.059,414.6,417.5,19.6,292.8,19.55,19.6,0.003,0.189,0.175,21.65,21.76,21.98,22.09,-7.075,1.226
2016,06,01,00,50,00,7383,19.64,19.56,19.54,19.82,-59.49,19.92,99.1,98.6,99.2,99.6,1.79,99.8,2.265,2.242,2.253,2.302,0,2.32,-0.015,0.082,-1.645,1.108,414.4,417.2,19.54,292.7,19.49,19.54,0.003,0.181,0.17,21.61,21.75,21.93,22.06,-7.757,0.548
2016,06,01,01,00,00,7384,19.52,19.41,19.5,19.67,-67.43,19.79,99.1,98.7,99,99.6,1.546,99.5,2.247,2.223,2.244,2.28,0,2.297,0.106,0.197,-2.483,1.614,412.8,416.9,19.4,292.5,19.33,19.39,0.003,0.176,0.165,21.58,21.74,21.88,22.02,-8.18,-0.027
2016,06,01,01,10,00,7385,19.47,19.34,19.46,19.64,-67.82,19.85,99.1,98.7,98.8,99.4,1.564,98.8,2.24,2.213,2.233,2.272,0,2.287,-0.091,0.107,-2.403,1.455,412.4,416.3,19.31,292.5,19.28,19.32,0.004,0.172,0.161,21.56,21.73,21.84,21.99,-8.41,-0.514
2016,06,01,01,20,00,7386,19.46,19.31,19.45,19.73,-37.13,19.74,99,98.7,98.8,98.8,47.67,98.5,2.237,2.211,2.231,2.272,0.013,2.265,-0.118,0.084,-2.168,1.237,412.5,415.9,19.28,292.4,19.26,19.29,0.004,0.171,0.159,21.54,21.72,21.8,21.96,-8.58,-0.909
2016,06,01,01,30,00,7387,19.5,19.38,19.41,19.7,-35.71,19.76,98.9,98.8,99,99.1,57.58,99.2,2.242,2.222,2.23,2.274,0.02,2.285,-0.077,-0.011,-0.875,0.716,414.1,415.7,19.33,292.5,19.32,19.35,0.005,0.172,0.159,21.51,21.7,21.76,21.92,-8.78,-1.247
2016,06,01,01,40,00,7388,19.55,19.44,19.42,19.69,-22.85,19.78,99,98.9,99.1,99.3,60.46,99.5,2.249,2.233,2.235,2.277,0.06,2.294,-0.07,0.003,-1.039,0.702,414.3,416,19.4,292.5,19.37,19.41,0.003,0.175,0.16,21.48,21.68,21.72,21.89,-9.01,-1.555
2016,06,01,01,50,00,7389,19.46,19.34,19.31,19.64,-20.26,19.71,99,99,99.1,99.3,62.16,99.6,2.236,2.22,2.22,2.27,0.08,2.286,-0.065,0.028,-1.573,0.858,413.2,415.7,19.31,292.5,19.24,19.31,0.002,0.178,0.162,21.45,21.66,21.68,21.86,-9.25,-1.842
2016,06,01,02,00,00,7390,19.33,19.23,19.2,19.55,-15.95,19.52,99,99,99.1,99.3,63.16,99.6,2.219,2.205,2.205,2.257,0.112,2.26,0.014,0.064,-2.077,0.885,412,415,19.18,292.3,19.14,19.19,0.003,0.177,0.163,21.41,21.63,21.64,21.82,-9.4,-2.112
2016,06,01,02,10,00,7391,19.26,19.17,19.12,19.41,-15.43,19.48,99,99,99.1,99.4,64.61,99.7,2.209,2.197,2.194,2.24,0.12,2.255,-0.029,0.027,-2.082,0.797,411.6,414.5,19.12,292.3,19.08,19.12,0.003,0.172,0.161,21.39,21.61,21.6,21.79,-9.39,-2.347
2016,06,01,02,20,00,7392,19.23,19.15,19.09,19.42,-11.42,19.43,99,99,99.2,99.4,70.96,99.7,2.205,2.194,2.19,2.242,0.183,2.249,-0.08,0.021,-3.157,0.699,410.4,414.3,19.09,292.2,19.07,19.11,0.004,0.168,0.159,21.36,21.59,21.57,21.76,-9.32,-2.544
2016,06,01,02,30,00,7393,19.21,19.12,19.05,19.35,-5.324,19.51,99,99,99.2,99.5,74.67,99.7,2.202,2.191,2.185,2.233,0.311,2.261,-0.071,0.014,-2.411,0.656,411.1,414.1,19.07,292.2,19.04,19.08,0.003,0.165,0.156,21.34,21.57,21.54,21.73,-9.22,-2.699
2016,06,01,02,40,00,7394,19.18,19.1,19.03,19.37,-2.05,19.51,99,99,99.2,99.5,76.52,99.8,2.198,2.188,2.183,2.237,0.404,2.263,-0.067,0.039,-3.083,0.792,410.3,414.1,19.05,292.2,19.02,19.06,0.004,0.163,0.154,21.33,21.55,21.51,21.7,-9.11,-2.816
2016,06,01,02,50,00,7395,19.15,19.09,19.02,19.35,-0.391,19.31,99,99,99.2,99.5,78.34,99.7,2.194,2.187,2.181,2.234,0.466,2.232,-0.004,0.053,-2.201,0.934,411,414.1,19.02,292.2,18.99,19.02,0.004,0.161,0.152,21.31,21.53,21.48,21.67,-9.02,-2.918
2016,06,01,03,00,00,7396,19.13,19.08,19.01,19.33,0.617,19.44,99,99,99.2,99.5,79.54,99.8,2.192,2.186,2.179,2.231,0.509,2.252,-0.009,0.074,-4.224,0.886,408.9,414,19.01,292.2,18.96,19.01,0.003,0.159,0.151,21.29,21.51,21.45,21.65,-8.94,-2.99
2016,06,01,03,10,00,7397,19.11,19.06,19,19.29,1.622,19.36,99,99.1,99.1,99.4,80.4,99.8,2.188,2.184,2.177,2.223,0.553,2.241,0.084,0.106,-2.528,0.882,410.5,413.9,18.99,292.1,18.94,18.98,0.004,0.158,0.15,21.27,21.49,21.43,21.62,-8.87,-3.049
2016,06,01,03,20,00,7398,19.06,19,18.92,19.27,2.474,19.27,98.9,99.1,99.2,99.5,81.2,99.7,2.181,2.177,2.167,2.221,0.593,2.228,0.256,0.121,-1.336,0.928,411.3,413.6,18.93,292.1,18.86,18.91,0.003,0.156,0.148,21.25,21.47,21.4,21.59,-8.82,-3.098
2016,06,01,03,30,00,7399,18.97,18.95,18.87,19.16,3.216,19.17,98.9,99.1,99.1,99.3,82.3,99.8,2.169,2.169,2.159,2.202,0.634,2.216,0.614,0.16,-1.443,1.004,410.7,413.2,18.85,292,18.79,18.83,0.004,0.155,0.148,21.23,21.45,21.38,21.57,-8.77,-3.141
2016,06,01,03,40,00,7400,18.95,18.94,18.86,19.16,4.011,19.17,98.9,99.1,99.1,99,83.6,99.8,2.165,2.168,2.157,2.197,0.681,2.215,0.688,0.146,-1.309,1.009,410.7,413,18.82,292,18.78,18.82,0.004,0.154,0.147,21.22,21.43,21.35,21.54,-8.72,-3.173
2016,06,01,03,50,00,7401,18.97,18.97,18.88,19.16,4.87,19.16,98.8,99.1,99.1,98.8,84.5,99.8,2.167,2.172,2.16,2.193,0.731,2.214,0.772,0.181,-1.302,1.006,410.8,413.1,18.83,292,18.8,18.84,0.003,0.153,0.146,21.2,21.41,21.33,21.52,-8.67,-3.206
2016,06,01,04,00,00,7402,18.97,18.96,18.88,19.18,5.892,19.14,98.8,99.1,99,98.6,85,99.7,2.165,2.171,2.157,2.19,0.789,2.21,0.841,0.211,-1.764,1.051,410.2,413,18.81,292,18.78,18.83,0.003,0.152,0.145,21.18,21.4,21.3,21.5,-8.65,-3.232
2016,06,01,04,10,00,7403,18.95,18.98,18.92,19.25,6.803,19.21,98.6,99,98.6,97.5,85.2,99.4,2.159,2.173,2.155,2.175,0.842,2.211,1.389,0.354,-2.127,1.19,409.7,413,18.78,291.9,18.75,18.81,0.002,0.152,0.144,21.16,21.38,21.28,21.47,-8.64,-3.259
2016,06,01,04,20,00,7404,18.94,18.99,18.93,19.24,7.621,19.16,98.5,98.9,98.3,97.1,85.1,98.5,2.155,2.172,2.151,2.165,0.891,2.184,1.52,0.35,-2.189,1.194,409.5,412.9,18.76,291.9,18.73,18.8,0.002,0.151,0.144,21.14,21.36,21.26,21.45,-8.62,-3.285
2016,06,01,04,30,00,7405,18.94,18.97,18.89,19.2,8.03,19.24,98.2,98.7,98.2,97.1,85.1,97.9,2.149,2.164,2.14,2.159,0.915,2.185,1.393,0.252,-2.399,1.164,409.1,412.6,18.72,291.9,18.7,18.77,0.001,0.15,0.143,21.12,21.34,21.23,21.43,-8.59,-3.306
2016,06,01,04,40,00,7406,18.92,18.97,18.88,19.23,8.37,19.23,97.9,98.4,97.8,96.5,84.7,97.2,2.14,2.157,2.131,2.15,0.932,2.166,1.779,0.289,-2.602,1.283,408.7,412.6,18.68,291.8,18.68,18.76,0.001,0.15,0.143,21.1,21.32,21.21,21.4,-8.55,-3.332
2016,06,01,04,50,00,7407,18.93,18.97,18.88,19.22,8.67,19.26,97.5,98,97.4,96.2,84.1,96.8,2.132,2.149,2.123,2.142,0.945,2.161,1.394,0.461,-2.372,1.254,408.7,412.3,18.65,291.8,18.68,18.77,0,0.149,0.142,21.08,21.31,21.19,21.38,-8.52,-3.351
2016,06,01,05,00,00,7408,18.95,18.98,18.89,19.24,9.08,19.28,97.3,97.9,97.4,96.3,84.6,97.1,2.129,2.147,2.124,2.147,0.977,2.169,1.182,0.536,-2.039,1.258,409.1,412.4,18.65,291.8,18.73,18.83,0,0.149,0.142,21.07,21.29,21.16,21.36,-8.5,-3.372
2016,06,01,05,10,00,7409,18.97,19,18.9,19.24,9.54,19.26,97.1,97.8,97.4,96.1,84.4,96.7,2.129,2.147,2.125,2.144,1.005,2.16,1.088,0.561,-2.192,1.268,409,412.5,18.67,291.8,18.75,18.87,-0.001,0.148,0.141,21.05,21.27,21.14,21.34,-8.48,-3.388
2016,06,01,05,20,00,7410,18.98,18.99,18.89,19.21,10.29,19.23,96.9,97.6,97.3,96,84.1,96.6,2.125,2.143,2.121,2.135,1.054,2.152,1.171,0.175,-2.376,1.099,409,412.4,18.7,291.8,18.74,18.88,-0.003,0.148,0.141,21.03,21.25,21.12,21.31,-8.47,-3.402
2016,06,01,05,30,00,7411,18.99,18.99,18.87,19.19,10.96,19.16,96.8,97.6,97.4,96.4,84.7,97.1,2.124,2.143,2.122,2.143,1.11,2.155,2.032,-0.03,-2.341,0.821,409.3,412.5,18.75,291.9,18.75,18.87,-0.002,0.147,0.14,21.01,21.23,21.1,21.29,-8.45,-3.421
2016,06,01,05,40,00,7412,18.97,18.95,18.83,19.15,11.23,19.14,97.1,98,98,97.2,85.2,97.9,2.128,2.146,2.13,2.155,1.136,2.168,2.449,-0.063,-2.205,0.668,409.5,412.4,18.77,291.9,18.76,18.84,0,0.147,0.14,20.99,21.22,21.08,21.27,-8.45,-3.443
2016,06,01,05,50,00,7413,19.01,19.02,18.9,19.2,11.58,19.25,97.2,98,98.1,97.1,85.2,97.8,2.137,2.156,2.14,2.158,1.162,2.183,3.68,0,-2.235,0.702,409.9,412.8,18.84,292,18.84,18.91,0.002,0.147,0.139,20.97,21.2,21.05,21.25,-8.44,-3.455
2016,06,01,06,00,00,7414,19.04,19,18.88,19.16,11.96,19.23,97.2,98.2,98.2,97.5,85.6,98.2,2.14,2.156,2.141,2.163,1.197,2.188,4.791,0.289,-1.748,0.812,410.3,412.8,18.82,292,18.81,18.88,0.002,0.146,0.139,20.95,21.18,21.03,21.23,-8.42,-3.474
2016,06,01,06,10,00,7415,18.97,18.93,18.8,19.17,12.26,19.15,97.5,98.4,98.5,97.7,86,98.3,2.138,2.152,2.138,2.169,1.227,2.18,8.02,0.842,-1.369,1.087,410,412.5,18.71,291.9,18.78,18.79,0.005,0.146,0.139,20.94,21.16,21.01,21.21,-8.4,-3.49
2016,06,01,06,20,00,7416,18.94,18.94,18.83,19.16,12.53,19.32,97.6,98.3,98.3,97.1,85.3,97.8,2.136,2.151,2.137,2.155,1.239,2.191,10.13,1.039,-1.448,1.105,409.8,412.4,18.69,291.8,18.76,18.81,0.003,0.145,0.138,20.92,21.15,20.99,21.19,-8.34,-3.505
2016,06,01,06,30,00,7417,18.85,18.8,18.68,19.01,12.82,19.06,97.8,98.6,98.7,98,85.9,98.6,2.128,2.138,2.124,2.154,1.271,2.174,11.04,1.222,-1.175,1.046,409.7,411.9,18.61,291.8,18.68,18.7,0.006,0.145,0.138,20.9,21.13,20.97,21.17,-8.27,-3.517
2016,06,01,06,40,00,7418,18.76,18.74,18.64,18.94,13.11,19.05,98,98.6,98.7,97.6,85.4,98,2.12,2.131,2.118,2.135,1.288,2.161,11.87,1.283,-1.347,1.18,409.1,411.6,18.54,291.7,18.62,18.62,0.007,0.145,0.138,20.88,21.11,20.95,21.15,-8.17,-3.53
2016,06,01,06,50,00,7419,18.73,18.73,18.64,19.02,13.31,19.05,98,98.5,98.5,97.1,84.8,97.5,2.115,2.127,2.114,2.135,1.297,2.149,11.85,1.177,-1.464,1.29,408.7,411.5,18.49,291.6,18.59,18.59,0.007,0.145,0.138,20.87,21.1,20.93,21.13,-8.06,-3.533
2016,06,01,07,00,00,7420,18.71,18.72,18.63,18.98,13.58,19.02,97.9,98.4,98.3,96.9,84.7,97.3,2.111,2.124,2.11,2.126,1.318,2.139,16.87,1.876,-1.207,1.349,408.8,411.3,18.45,291.6,18.58,18.58,0.007,0.144,0.138,20.85,21.08,20.92,21.11,-7.965,-3.527
2016,06,01,07,10,00,7421,18.75,18.8,18.73,19.08,14.01,19.15,97.8,98.2,97.7,96.2,84.1,96.8,2.114,2.129,2.11,2.124,1.345,2.145,21.47,2.507,-1.56,1.49,408.6,411.7,18.49,291.6,18.63,18.63,0.006,0.144,0.137,20.84,21.06,20.9,21.09,-7.865,-3.519
2016,06,01,07,20,00,7422,18.76,18.78,18.7,19.03,14.18,19.02,97.5,98,97.5,96.2,84.3,96.8,2.11,2.124,2.102,2.118,1.364,2.129,16,1.805,-1.573,1.322,408.6,411.5,18.48,291.6,18.59,18.63,0.004,0.144,0.137,20.82,21.05,20.88,21.07,-7.775,-3.508
2016,06,01,07,30,00,7423,18.69,18.72,18.62,18.96,14.18,19.01,97.3,97.8,97.3,95.8,83.7,96.3,2.097,2.111,2.087,2.1,1.353,2.117,23.44,2.596,-1.668,1.513,408,411.2,18.4,291.5,18.51,18.55,0.004,0.144,0.137,20.81,21.03,20.86,21.06,-7.673,-3.494
2016,06,01,07,40,00,7424,18.64,18.64,18.55,18.85,14.44,19,97.3,97.9,97.5,96.2,83.8,96.7,2.09,2.104,2.083,2.094,1.379,2.123,20.27,2.085,-1.943,1.432,407.4,410.8,18.34,291.5,18.47,18.49,0.006,0.143,0.137,20.79,21.02,20.85,21.04,-7.575,-3.478
2016,06,01,07,50,00,7425,18.65,18.7,18.63,18.99,14.75,18.95,96.9,97.3,96.6,94.9,82.5,95.4,2.083,2.098,2.074,2.084,1.385,2.09,25.83,2.682,-2.602,1.513,406.8,410.9,18.35,291.5,18.48,18.53,0.003,0.143,0.136,20.78,21,20.83,21.02,-7.477,-3.455
2016,06,01,08,00,00,7426,18.68,18.74,18.65,19.01,14.97,19.07,96.3,96.5,95.9,94.1,82,94.6,2.072,2.086,2.059,2.07,1.397,2.087,42.51,4.725,-3.219,1.589,406.2,411,18.35,291.5,18.46,18.54,0.001,0.142,0.136,20.77,20.99,20.82,21,-7.385,-3.438
2016,06,01,08,10,00,7427,18.69,18.69,18.59,18.93,15.25,19.02,96.2,96.7,96,94.2,81.8,94.5,2.071,2.083,2.056,2.061,1.417,2.077,78.64,9.54,-4.47,1.364,405.4,411.3,18.44,291.6,18.57,18.52,0.01,0.141,0.136,20.76,20.97,20.8,20.99,-7.305,-3.411
2016,06,01,08,20,00,7428,18.78,18.83,18.73,19.02,15.91,19.09,95.1,95.1,94.3,92.1,79.71,92.4,2.06,2.066,2.036,2.025,1.441,2.041,76.42,9.15,-5.801,0.82,405.3,411.9,18.65,291.8,18.61,18.64,0.004,0.141,0.136,20.74,20.96,20.79,20.97,-7.214,-3.387
2016,06,01,08,30,00,7429,18.91,18.94,18.84,19.14,16.02,19.17,92.5,92.6,91.8,90,78.19,90.7,2.02,2.026,1.996,1.993,1.424,2.014,112.2,13.21,-6.863,0.114,405.3,412.2,18.83,292,18.61,18.73,-0.002,0.141,0.136,20.73,20.94,20.77,20.95,-7.071,-3.365
2016,06,01,08,40,00,7430,18.85,18.81,18.67,18.98,15.82,19.04,92.6,93.1,92.8,91,79.37,91.7,2.014,2.021,1.995,1.997,1.427,2.021,135.4,15.81,-6.831,0.492,405,412.3,18.78,291.9,18.57,18.61,0.004,0.141,0.135,20.72,20.93,20.76,20.94,-6.859,-3.337
2016,06,01,08,50,00,7431,18.71,18.66,18.52,18.81,15.65,18.85,93.3,94,93.7,92,80.9,92.7,2.013,2.021,1.997,1.996,1.438,2.017,152.9,18.23,-6.101,1.095,404.6,411.8,18.59,291.7,18.52,18.46,0.011,0.14,0.135,20.71,20.92,20.75,20.92,-6.597,-3.298
2016,06,01,09,00,00,7432,18.79,18.73,18.58,18.91,15.69,18.8,93,93.7,93.4,91.7,80.5,92.2,2.017,2.025,1.999,2.002,1.436,2,208.6,26.07,-7.35,0.958,404.1,412.4,18.72,291.9,18.73,18.55,0.019,0.14,0.135,20.7,20.9,20.74,20.91,-6.278,-3.251
2016,06,01,09,10,00,7433,18.95,18.88,18.72,19.02,16.11,19.03,91.5,92.3,92,90.4,79.71,91,2.004,2.011,1.986,1.987,1.46,2.003,143.7,16.63,-9.41,-0.311,404.2,413.3,19.09,292.2,18.86,18.76,0.013,0.14,0.135,20.7,20.89,20.73,20.9,-5.9,-3.188
2016,06,01,09,20,00,7434,19.04,18.97,18.82,19.11,16.01,19.15,90,90.8,90.5,88.9,78.34,89.6,1.983,1.99,1.965,1.966,1.426,1.986,148.1,17.09,-10.18,-0.816,404.4,413.8,19.27,292.4,18.96,18.94,0.008,0.14,0.135,20.7,20.88,20.73,20.88,-5.456,-3.108
2016,06,01,09,30,00,7435,19.14,19.06,18.9,19.1,16.09,19.18,89.7,90.6,90.4,89,79.11,89.8,1.988,1.997,1.974,1.967,1.447,1.996,145.8,17.05,-10.54,-0.795,404.6,414.4,19.37,292.5,19.08,19.09,0.006,0.14,0.135,20.7,20.87,20.73,20.87,-4.943,-3.009
2016,06,01,09,40,00,7436,19.22,19.14,18.98,19.24,16.09,19.22,90.4,91.3,91.1,89.6,79.56,90.3,2.012,2.021,1.998,1.999,1.455,2.012,121,13.75,-10.64,-0.796,405,414.9,19.46,292.6,19.16,19.19,0.004,0.139,0.134,20.7,20.86,20.73,20.86,-4.44,-2.886
2016,06,01,09,50,00,7437,19.29,19.2,19.04,19.29,16.32,19.33,90.8,91.9,91.8,90.3,80.3,90.9,2.031,2.043,2.02,2.019,1.49,2.038,131.1,15.7,-10.34,-0.622,405.6,415.3,19.51,292.7,19.27,19.26,0.007,0.139,0.134,20.7,20.85,20.73,20.85,-3.979,-2.743
2016,06,01,10,00,00,7438,19.42,19.3,19.12,19.34,16.37,19.37,91,92.2,92.2,90.7,81.1,91.5,2.052,2.064,2.041,2.036,1.511,2.058,153.8,19.49,-10.94,-0.462,405.9,416.3,19.66,292.8,19.48,19.36,0.015,0.139,0.134,20.71,20.84,20.73,20.84,-3.562,-2.584
2016,06,01,10,10,00,7439,19.54,19.41,19.22,19.47,16.75,19.53,91.2,92.4,92.4,90.9,80.9,91.6,2.071,2.081,2.057,2.055,1.544,2.08,143.3,18.37,-11.17,-0.387,406.3,417,19.77,292.9,19.6,19.46,0.016,0.139,0.134,20.71,20.83,20.74,20.84,-3.189,-2.414
2016,06,01,10,20,00,7440,19.62,19.5,19.33,19.59,17.15,19.55,91.3,92.5,92.5,91,80.8,91.6,2.085,2.096,2.075,2.072,1.581,2.083,114.7,15.02,-11.13,-0.475,406.7,417.4,19.85,293,19.64,19.55,0.013,0.139,0.134,20.72,20.83,20.74,20.83,-2.823,-2.245
2016,06,01,10,30,00,7441,19.76,19.65,19.48,19.77,17.3,19.76,91,92,92,90.5,80,91.2,2.097,2.105,2.082,2.085,1.58,2.1,122.1,16.2,-11.19,-0.578,407.7,418.3,20.02,293.2,19.81,19.71,0.013,0.139,0.134,20.73,20.82,20.75,20.83,-2.453,-2.067
2016,06,01,10,40,00,7442,19.91,19.79,19.62,19.87,17.53,19.95,90.1,91.2,91.2,89.7,79.27,90.6,2.094,2.105,2.082,2.08,1.588,2.112,164.1,22.25,-10.79,-0.368,408.9,419.4,20.17,293.3,20.05,19.85,0.02,0.138,0.134,20.74,20.82,20.75,20.82,-2.079,-1.887
2016,06,01,10,50,00,7443,20,19.87,19.67,19.89,17.75,19.91,90.4,91.8,92,90.5,80.1,91.3,2.114,2.129,2.108,2.1,1.627,2.122,107.4,14.3,-9.42,-0.836,411.1,419.6,20.3,293.5,20,19.94,0.011,0.138,0.133,20.75,20.81,20.76,20.82,-1.704,-1.706
2016,06,01,11,00,00,7444,19.91,19.84,19.69,19.95,17.91,19.99,90.3,91.3,91.2,89.4,78.77,90.1,2.098,2.112,2.09,2.083,1.617,2.105,73.01,9.31,-9.74,-0.923,409.7,418.5,20.12,293.3,19.8,19.89,0,0.138,0.133,20.76,20.81,20.76,20.81,-1.328,-1.517
2016,06,01,11,10,00,7445,19.95,19.86,19.71,19.97,17.92,20.01,90.5,91.7,91.7,90,79.16,90.7,2.108,2.125,2.104,2.1,1.626,2.123,113.1,14.59,-11.09,-0.48,408.4,419,20.13,293.3,19.97,19.92,0.01,0.138,0.133,20.77,20.81,20.77,20.81,-0.959,-1.335
2016,06,01,11,20,00,7446,20.03,19.94,19.78,20.04,17.82,20.09,90.4,91.3,91.3,89.5,79.48,90.4,2.117,2.126,2.104,2.098,1.622,2.126,104.7,13.79,-10.04,-0.613,410.1,419.5,20.25,293.4,20.02,20,0.008,0.138,0.133,20.78,20.8,20.78,20.81,-0.687,-1.141
2016,06,01,11,30,00,7447,20.13,19.98,19.78,20.04,17.78,20.08,89.5,90.7,90.7,89.1,79.34,90,2.109,2.116,2.09,2.088,1.615,2.113,178.1,24.08,-10.97,-0.497,410.2,420.7,20.42,293.6,20.25,20.06,0.019,0.138,0.133,20.79,20.8,20.79,20.81,-0.497,-0.956
2016,06,01,11,40,00,7448,20.04,19.9,19.71,19.99,17.75,20.03,89.8,90.8,90.9,89.2,79.55,90,2.103,2.11,2.085,2.085,1.616,2.109,133.7,17.71,-10.98,-0.653,409.5,419.8,20.3,293.5,20.02,19.97,0.01,0.137,0.133,20.79,20.8,20.79,20.81,-0.311,-0.773
2016,06,01,11,50,00,7449,19.82,19.72,19.56,19.81,18.07,19.87,91.1,92.2,92.2,90.5,81,91.4,2.106,2.117,2.097,2.09,1.68,2.118,117.5,14.87,-9.63,0.029,408.7,418.3,19.92,293.1,19.7,19.71,0.006,0.137,0.133,20.8,20.8,20.8,20.8,-0.056,-0.615
2016,06,01,12,00,00,7450,19.83,19.76,19.61,19.85,18.34,19.89,91,91.9,91.9,90.1,80.4,90.9,2.103,2.116,2.095,2.086,1.695,2.11,105.4,14.02,-9.8,-0.152,408.5,418.1,19.92,293.1,19.73,19.76,0.004,0.137,0.132,20.81,20.8,20.8,20.8,0.235,-0.451
2016,06,01,12,10,00,7451,19.93,19.84,19.69,19.96,18.52,20.08,91.3,92.4,92.4,90.6,80.6,91.3,2.125,2.137,2.117,2.113,1.718,2.145,128.3,17.83,-10.69,-0.035,408.3,419,20.05,293.2,19.94,19.86,0.012,0.137,0.132,20.82,20.8,20.81,20.8,0.499,-0.294
2016,06,01,12,20,00,7452,20.14,20,19.83,20.13,18.61,20.09,91.4,92.5,92.4,90.6,80.2,91.1,2.155,2.161,2.136,2.134,1.72,2.142,184.8,27.45,-11.27,0.788,408.6,420.7,20.2,293.4,20.25,20.01,0.023,0.137,0.132,20.83,20.8,20.82,20.8,0.684,-0.127
2016,06,01,12,30,00,7453,20.38,20.21,20.01,20.31,19.13,20.29,91.7,92.6,92.6,90.8,80.2,91.3,2.194,2.193,2.165,2.162,1.777,2.174,206.7,30.51,-14.88,0.179,407.3,422.4,20.6,293.8,20.62,20.29,0.03,0.137,0.132,20.84,20.8,20.82,20.8,0.833,0.031
2016,06,01,12,40,00,7454,20.69,20.51,20.3,20.52,19.64,20.55,89.3,90.3,90.4,88.8,79.03,89.8,2.178,2.176,2.152,2.143,1.808,2.171,217.6,31.33,-17.24,-0.803,408,424.4,21.13,294.3,20.89,20.65,0.023,0.137,0.132,20.85,20.8,20.83,20.8,1.062,0.184
2016,06,01,12,50,00,7455,20.87,20.7,20.5,20.72,20.06,20.71,88.1,89.2,89.3,87.7,79.43,88.6,2.173,2.177,2.154,2.143,1.864,2.165,228.8,33.2,-17.36,-0.908,409.1,425.6,21.35,294.5,21.1,20.84,0.024,0.136,0.132,20.86,20.8,20.84,20.8,1.469,0.33
2016,06,01,13,00,00,7456,21.18,21,20.79,21.03,20.43,21.06,86.9,87.6,87.6,86,76.3,86.9,2.184,2.176,2.149,2.143,1.832,2.168,210,30.44,-17.92,-1.233,410.5,427.2,21.68,294.8,21.34,21.16,0.019,0.136,0.132,20.87,20.8,20.85,20.8,2.053,0.486
2016,06,01,13,10,00,7457,21.25,21.09,20.89,21.14,20.68,21.18,85.3,86,86.2,84.6,74.87,85.6,2.152,2.148,2.129,2.123,1.826,2.152,225.5,32.98,-17.66,-1.171,410.9,427.4,21.71,294.9,21.4,21.25,0.017,0.136,0.131,20.89,20.8,20.86,20.8,2.751,0.654
2016,06,01,13,20,00,7458,21.44,21.28,21.06,21.31,20.85,21.35,84.6,85.2,85.5,83.9,73.96,84.8,2.161,2.154,2.133,2.127,1.823,2.155,232.7,34.3,-18.95,-1.194,410.9,428.6,21.92,295.1,21.57,21.44,0.015,0.136,0.131,20.91,20.8,20.88,20.81,3.497,0.854
2016,06,01,13,30,00,7459,21.61,21.42,21.2,21.48,21.11,21.46,83.9,84.4,84.7,83.2,73.33,84.1,2.164,2.152,2.132,2.131,1.836,2.152,257,37.66,-19.77,-1.27,411.1,429.6,22.1,295.2,21.74,21.63,0.014,0.136,0.131,20.94,20.8,20.9,20.81,4.198,1.09
2016,06,01,13,40,00,7460,21.71,21.52,21.31,21.55,21.19,21.55,83.4,83.7,84,82.6,73.15,83.6,2.165,2.148,2.129,2.125,1.841,2.151,274,40.59,-19.66,-1.077,411.6,430.2,22.16,295.3,21.73,21.7,0.009,0.136,0.131,20.96,20.81,20.92,20.82,4.877,1.358
2016,06,01,13,50,00,7461,21.9,21.7,21.49,21.75,21.3,21.75,83.6,83.6,83.8,82.4,72.6,83.4,2.197,2.17,2.146,2.144,1.839,2.171,295.2,43.65,-19.88,-1.069,412.9,431.8,22.44,295.6,22.14,21.91,0.022,0.136,0.131,20.99,20.81,20.95,20.83,5.548,1.641
2016,06,01,14,00,00,7462,22.15,21.94,21.69,21.92,21.51,21.9,82.6,82.9,83.3,81.9,72.21,82.8,2.204,2.184,2.161,2.153,1.853,2.175,260.3,37.42,-23.84,-2.296,411.7,433.2,22.9,296,22.29,22.26,0.008,0.135,0.131,21.02,20.82,20.97,20.83,6.222,1.943
2016,06,01,14,10,00,7463,22.23,22.02,21.79,22.04,21.71,22.09,82.2,82,82.2,80.8,71.1,81.8,2.203,2.17,2.145,2.141,1.847,2.175,252.1,35.98,-24.63,-2.402,411.6,433.8,23.02,296.2,22.41,22.37,0.009,0.135,0.131,21.05,20.82,21,20.85,6.944,2.252
2016,06,01,14,20,00,7464,22.28,22.11,21.92,22.16,21.88,22.11,80.9,80.7,81,79.41,69.76,80.3,2.174,2.147,2.129,2.119,1.831,2.136,215.3,30.73,-25.17,-2.894,411.2,433.4,23.03,296.2,22.24,22.38,-0.004,0.135,0.131,21.09,20.83,21.03,20.86,7.706,2.577
2016,06,01,14,30,00,7465,22.38,22.22,22.03,22.29,22.01,22.25,80.9,80.6,80.8,79.42,70,80.3,2.189,2.159,2.139,2.136,1.852,2.156,299.8,44.08,-25.33,-1.903,411.3,434.7,23.07,296.2,22.61,22.47,0.016,0.135,0.13,21.12,20.84,21.07,20.87,8.48,2.917
2016,06,01,14,40,00,7466,22.8,22.47,22.22,22.48,22.08,22.42,78.23,78.09,78.97,77.81,68.49,78.75,2.17,2.124,2.115,2.118,1.82,2.136,411.6,60.43,-28.39,-2.533,412.4,438.2,23.78,296.9,23.22,22.92,0.027,0.135,0.13,21.16,20.85,21.1,20.89,9.18,3.276
2016,06,01,14,50,00,7467,23.02,22.65,22.36,22.61,22.27,22.52,76.34,76.75,77.74,76.65,68.04,77.66,2.147,2.11,2.101,2.102,1.828,2.119,496.6,72.84,-33.7,-3.425,410.2,440.4,24.3,297.4,23.5,23.32,0.019,0.135,0.13,21.2,20.87,21.14,20.9,9.79,3.64
2016,06,01,15,00,00,7468,23.14,22.82,22.53,22.75,22.5,22.73,76.98,76.83,77.51,76.43,68.68,77.62,2.18,2.134,2.115,2.114,1.873,2.145,519.3,75.04,-39.1,-3.559,406.4,442,24.58,297.7,23.7,23.45,0.023,0.135,0.13,21.24,20.88,21.17,20.92,10.46,4.01
2016,06,01,15,10,00,7469,23.62,23.16,22.82,23.02,22.8,23.04,75.14,75.54,76.78,75.8,68.33,76.99,2.191,2.142,2.133,2.132,1.897,2.167,524.1,74.12,-45.27,-5.686,406,445.6,25.54,298.7,24.24,24.13,0.014,0.134,0.13,21.28,20.9,21.21,20.94,11.27,4.378
2016,06,01,15,20,00,7470,23.57,23.26,23.01,23.27,22.97,23.27,74.78,74.81,75.77,74.76,67.63,75.84,2.174,2.134,2.13,2.135,1.897,2.165,477.2,67.22,-42.65,-6.231,408.8,445.2,25.57,298.7,24.21,24.48,-0.013,0.134,0.13,21.32,20.91,21.25,20.96,12.17,4.756
2016,06,01,15,30,00,7471,23.61,23.32,23.03,23.27,22.89,23.36,74.42,74.08,74.85,73.76,66.78,74.95,2.169,2.122,2.106,2.106,1.864,2.152,375.5,52.37,-44.15,-6.557,406.8,444.4,25.48,298.6,23.84,24.46,-0.038,0.134,0.129,21.37,20.93,21.3,20.98,13.12,5.154
2016,06,01,15,40,00,7472,23.49,23.26,23.05,23.3,22.93,23.31,73.82,73.43,74.41,73.43,66.45,74.54,2.135,2.095,2.096,2.1,1.859,2.133,316.2,45.29,-38.33,-5.14,409.3,442.5,24.93,298.1,23.63,23.96,-0.017,0.134,0.129,21.42,20.94,21.35,21,14.04,5.574
2016,06,01,15,50,00,7473,23.49,23.3,23.11,23.34,22.97,23.33,75.16,74.57,75.37,74.19,66.67,75.35,2.174,2.132,2.131,2.128,1.87,2.159,253.7,36.54,-36.38,-4.551,409.6,441.5,24.66,297.8,23.47,23.85,-0.022,0.134,0.129,21.47,20.96,21.4,21.03,14.86,6.01
2016,06,01,16,00,00,7474,23.44,23.29,23.12,23.39,23.17,23.41,74.69,73.83,74.57,73.21,65.13,74.08,2.154,2.11,2.11,2.106,1.849,2.134,212.1,30.69,-35.49,-4.063,408.9,440.3,24.39,297.5,23.32,23.74,-0.024,0.134,0.129,21.52,20.98,21.45,21.05,15.51,6.462
2016,06,01,16,10,00,7475,23.43,23.33,23.16,23.41,23.16,23.41,74.54,73.4,73.93,72.44,64.21,73.33,2.148,2.102,2.096,2.086,1.822,2.112,211.4,31.22,-34.31,-3.441,409,439.9,24.21,297.4,23.33,23.63,-0.015,0.133,0.129,21.57,21,21.5,21.08,15.99,6.915
2016,06,01,16,20,00,7476,23.49,23.39,23.22,23.5,23.2,23.55,74.33,73.14,73.65,72.35,63.52,73.03,2.15,2.104,2.097,2.094,1.806,2.121,194.6,29.14,-33.82,-3.395,409.4,439.8,24.19,297.3,23.32,23.65,-0.018,0.133,0.129,21.62,21.02,21.54,21.11,16.26,7.348
2016,06,01,16,30,00,7477,23.49,23.43,23.29,23.55,23.29,23.6,74.32,73.21,73.67,72.06,62.32,72.63,2.15,2.111,2.105,2.093,1.782,2.116,155.1,23.28,-33.15,-3.434,409.5,439.2,24.09,297.2,23.22,23.7,-0.028,0.133,0.129,21.66,21.05,21.59,21.14,16.36,7.747
2016,06,01,16,40,00,7478,23.41,23.43,23.3,23.58,23.37,23.69,74.43,73.14,73.65,72.22,62.58,72.86,2.142,2.108,2.107,2.1,1.798,2.134,103.1,15.54,-32.79,-3.62,408.7,437.9,23.9,297.1,23,23.67,-0.042,0.133,0.129,21.69,21.07,21.62,21.16,16.34,8.1
2016,06,01,16,50,00,7479,23.35,23.43,23.32,23.65,23.32,23.72,74.45,72.71,73.09,71.51,61.66,72.11,2.135,2.095,2.093,2.089,1.766,2.115,104.9,16.07,-31.93,-3.126,408.7,437.5,23.76,296.9,23.02,23.62,-0.037,0.133,0.128,21.73,21.09,21.66,21.19,16.22,8.42
2016,06,01,17,00,00,7480,23.42,23.43,23.33,23.66,23.54,23.81,73.93,72.69,72.87,70.81,59.77,70.71,2.13,2.095,2.088,2.07,1.736,2.085,116.9,17.88,-32.29,-2.845,408.5,437.9,23.79,296.9,23.13,23.66,-0.032,0.133,0.128,21.75,21.11,21.69,21.21,15.94,8.69
2016,06,01,17,10,00,7481,23.52,23.56,23.48,23.86,23.68,23.9,71.62,69.97,69.97,67.86,56.05,67.73,2.075,2.033,2.023,2.008,1.64,2.008,97.8,15.2,-31.9,-2.848,409,438,23.8,296.9,23.15,23.71,-0.034,0.133,0.128,21.78,21.13,21.71,21.24,15.5,8.9
2016,06,01,17,20,00,7482,23.59,23.7,23.65,24,23.88,24.05,68.8,66.67,66.68,64.98,54.42,65.34,2.003,1.953,1.947,1.938,1.613,1.955,77.28,12.21,-31.51,-2.976,409.4,438,23.81,297,23.16,23.78,-0.038,0.133,0.128,21.79,21.14,21.72,21.26,14.96,9.06
2016,06,01,17,30,00,7483,23.5,23.55,23.52,23.93,23.7,23.97,69.82,68.41,68.26,66.5,55.94,66.92,2.021,1.986,1.979,1.976,1.64,1.993,103,15.8,-32.06,-3.111,408.9,437.8,23.81,297,23.13,23.81,-0.042,0.133,0.128,21.8,21.16,21.74,21.28,14.38,9.17
2016,06,01,17,40,00,7484,22.98,22.83,22.75,23.36,23.51,23.68,80.4,81.8,80.8,74.3,58.31,70.75,2.253,2.27,2.233,2.131,1.69,2.071,98.3,13.85,-34.61,-4.107,405.2,435.7,23.63,296.8,22.67,23.49,-0.052,0.133,0.128,21.81,21.17,21.74,21.3,13.72,9.23
2016,06,01,17,50,00,7485,22.44,22.31,22.27,22.8,23.48,23.23,85.8,86.7,85.8,80.1,60.7,75.23,2.331,2.336,2.304,2.221,1.755,2.143,79.46,11,-37.18,-3.132,399.3,433.4,23.06,296.2,22.22,22.84,-0.037,0.132,0.128,21.81,21.19,21.74,21.31,13.02,9.25
2016,06,01,18,00,00,7486,22.49,22.51,22.58,23.21,23.47,23.54,84,83.3,80.5,74.72,59.36,72.23,2.286,2.27,2.205,2.125,1.716,2.096,59.62,9.41,-33.23,-2.048,401.6,432.8,22.78,295.9,22.19,22.69,-0.03,0.132,0.128,21.81,21.2,21.74,21.32,12.39,9.23
2016,06,01,18,10,00,7487,22.51,22.67,22.92,23.43,23.56,23.64,82.8,80.2,75.63,71.71,58.85,70.26,2.257,2.208,2.114,2.067,1.711,2.051,56.3,9.36,-30.32,-1.962,404.5,432.9,22.78,295.9,22.25,22.86,-0.037,0.132,0.128,21.81,21.21,21.74,21.33,11.86,9.18
2016,06,01,18,20,00,7488,22.89,23.02,23.15,23.58,23.57,23.7,77.73,75.3,72.37,69.65,57.39,68.61,2.169,2.117,2.051,2.027,1.669,2.011,52.69,9.2,-29.94,-1.914,405.9,433.9,22.95,296.1,22.48,23.1,-0.038,0.132,0.128,21.8,21.21,21.73,21.34,11.38,9.09
2016,06,01,18,30,00,7489,23.16,23.34,23.35,23.78,23.73,23.93,72.13,69.41,68.66,66.27,55.09,65.98,2.045,1.99,1.97,1.951,1.619,1.96,59.07,10.71,-33.38,-2.021,403.7,435,23.15,296.3,22.66,23.28,-0.038,0.132,0.128,21.8,21.22,21.73,21.35,10.9,8.98
2016,06,01,18,40,00,7490,23.37,23.53,23.5,23.86,23.69,24.03,68.27,66.1,65.8,64.2,53.65,64.48,1.961,1.916,1.905,1.899,1.572,1.928,41.27,7.595,-37.76,-2.748,400.4,435.5,23.35,296.5,22.7,23.45,-0.047,0.132,0.127,21.79,21.23,21.72,21.35,10.43,8.84
2016,06,01,18,50,00,7491,23.37,23.54,23.53,23.89,23.67,24.02,67.6,65.4,65.16,63.62,53,63.93,1.941,1.898,1.89,1.886,1.551,1.909,20.44,4.162,-45.16,-3.154,393.1,435.1,23.35,296.5,22.58,23.49,-0.058,0.132,0.127,21.78,21.23,21.71,21.35,9.94,8.7
2016,06,01,19,00,00,7492,23.46,23.56,23.53,23.89,23.82,23.99,66.29,64.64,64.66,63.31,52.73,63.71,1.914,1.878,1.875,1.877,1.557,1.9,13.21,3.193,-41.43,-2.891,396.6,435.2,23.33,296.5,22.66,23.47,-0.052,0.132,0.127,21.77,21.23,21.7,21.36,9.42,8.54
2016,06,01,19,10,00,7493,23.43,23.6,23.56,23.97,23.82,24.05,65.95,64.08,64.45,63.29,52.92,63.72,1.9,1.866,1.872,1.885,1.563,1.906,5.281,1.745,-32.15,-2.742,406.1,435.6,23.36,296.5,22.78,23.48,-0.044,0.132,0.127,21.75,21.23,21.69,21.36,8.82,8.37
2016,06,01,19,20,00,7494,23.41,23.54,23.55,23.93,23.77,24.06,66.13,64.57,64.7,63.39,53.35,64.03,1.903,1.874,1.879,1.883,1.571,1.917,1.453,0.933,-29.64,-2.702,408.6,435.5,23.36,296.5,22.81,23.49,-0.042,0.132,0.127,21.74,21.24,21.67,21.36,8.11,8.18
2016,06,01,19,30,00,7495,23.38,23.55,23.55,23.99,23.69,24.23,66.39,64.7,64.98,63.66,53.71,64.5,1.908,1.878,1.887,1.898,1.574,1.951,-0.605,0.521,-28.66,-2.809,409.6,435.5,23.36,296.5,22.84,23.5,-0.041,0.132,0.127,21.72,21.23,21.66,21.36,7.344,7.975
2016,06,01,19,40,00,7496,23.16,23.37,23.43,23.87,23.71,24.02,67.95,66.1,66.12,64.64,54.27,65.18,1.927,1.899,1.905,1.914,1.592,1.947,-1.482,0.122,-28.29,-3.343,409.3,434.3,23.25,296.4,22.61,23.43,-0.052,0.132,0.127,21.69,21.23,21.63,21.35,6.534,7.741
2016,06,01,19,50,00,7497,22.91,23.3,23.36,23.83,23.7,23.9,69.6,66.84,66.84,65.35,54.92,65.85,1.944,1.911,1.918,1.929,1.61,1.952,-1.717,0.262,-30.25,-3.736,406.5,433,23.1,296.3,22.32,23.34,-0.066,0.132,0.127,21.66,21.23,21.61,21.35,5.738,7.485
2016,06,01,20,00,00,7498,22.76,23.22,23.3,23.73,23.72,23.88,70.52,67.52,67.38,65.87,55.51,66.49,1.952,1.921,1.927,1.934,1.63,1.97,-1.962,0.32,-41.1,-4.354,395.1,431.9,23.02,296.2,22.04,23.28,-0.081,0.131,0.127,21.64,21.22,21.59,21.34,4.976,7.195
2016,06,01,20,10,00,7499,22.72,23.19,23.25,23.64,23.55,23.83,70.93,67.98,68.04,66.6,55.94,67.18,1.959,1.932,1.939,1.944,1.625,1.984,-2.196,0.492,-45.58,-4.261,390.1,431.4,22.93,296.1,22.03,23.2,-0.077,0.131,0.127,21.61,21.22,21.56,21.33,4.298,6.893
2016,06,01,20,20,00,7500,22.82,23.14,23.18,23.64,23.62,23.75,70.68,68.58,68.67,67.14,56.42,67.75,1.964,1.942,1.95,1.961,1.646,1.991,-2.234,0.534,-44.36,-3.398,390.9,431.9,22.86,296,22.24,23.14,-0.057,0.131,0.127,21.58,21.21,21.53,21.32,3.683,6.58
2016,06,01,20,30,00,7501,22.82,23.11,23.16,23.63,23.56,23.7,70.97,68.98,69,67.53,56.49,68.05,1.972,1.95,1.957,1.971,1.642,1.994,-1.828,0.536,-36.23,-3.186,398.9,431.9,22.83,296,22.24,23.1,-0.055,0.131,0.127,21.55,21.2,21.5,21.31,3.1,6.258
2016,06,01,20,40,00,7502,22.69,23.03,23.07,23.52,23.6,23.63,71.88,69.61,69.69,68.24,57.07,68.6,1.981,1.958,1.966,1.978,1.663,2.002,-1.782,0.366,-36.52,-3.456,398.5,431.5,22.8,296,22.12,23.04,-0.059,0.131,0.127,21.52,21.19,21.47,21.3,2.526,5.949
2016,06,01,20,50,00,7503,22.77,22.95,22.97,23.39,23.35,23.61,71.68,70.24,70.37,68.62,56.97,68.88,1.986,1.967,1.972,1.974,1.635,2.008,-2.37,0.529,-48.36,-2.757,386.2,431.8,22.73,295.9,22.18,22.94,-0.048,0.131,0.127,21.48,21.18,21.44,21.29,1.977,5.629
2016,06,01,21,00,00,7504,22.77,22.91,22.94,23.42,23.43,23.57,71.81,70.57,70.56,68.84,57.14,69.03,1.989,1.972,1.974,1.984,1.648,2.007,-2.574,0.614,-52.47,-2.556,381.8,431.7,22.69,295.8,22.19,22.86,-0.041,0.131,0.127,21.45,21.17,21.41,21.28,1.474,5.313
2016,06,01,21,10,00,7505,22.65,22.76,22.82,23.27,23.17,23.42,72.5,71.46,71.26,69.62,58.5,70.05,1.993,1.978,1.979,1.988,1.661,2.018,-2.505,0.398,-46.03,-2.721,387.8,431.1,22.61,295.8,22.03,22.8,-0.048,0.131,0.127,21.42,21.16,21.38,21.26,0.99,5
2016,06,01,21,20,00,7506,22.41,22.51,22.58,23,22.79,23.05,73.84,72.87,72.52,71.12,60.76,71.69,2,1.987,1.986,1.998,1.686,2.019,-1.778,0.355,-31.74,-2.175,400.8,430.3,22.38,295.5,21.91,22.61,-0.043,0.131,0.127,21.39,21.15,21.35,21.25,0.489,4.691
2016,06,01,21,30,00,7507,22.3,22.39,22.42,22.85,22.71,23.04,74.4,73.48,73.3,71.5,60.74,71.88,2.003,1.989,1.987,1.99,1.676,2.024,-1.557,0.404,-29.05,-2.021,402.6,429.6,22.23,295.4,21.74,22.45,-0.044,0.131,0.126,21.36,21.14,21.32,21.23,-0.042,4.391
2016,06,01,21,40,00,7508,22.4,22.5,22.47,22.84,22.65,23.01,73.78,72.82,73.05,71.64,61.64,72.32,1.998,1.984,1.986,1.993,1.696,2.032,-1.26,0.741,-25.95,-1.789,405.8,429.9,22.25,295.4,21.86,22.43,-0.034,0.131,0.126,21.32,21.12,21.29,21.21,-0.535,4.083
2016,06,01,21,50,00,7509,22.16,22.24,22.16,22.5,22.24,22.56,75.96,76.13,77.53,76.53,65.24,76.96,2.027,2.042,2.068,2.085,1.751,2.104,-1.59,0.225,-27.81,-2.197,403.3,428.9,22.14,295.3,21.57,22.28,-0.044,0.131,0.126,21.29,21.11,21.26,21.19,-0.949,3.781
2016,06,01,22,00,00,7510,21.9,21.98,21.94,22.33,22.36,22.54,81.1,81.7,81.6,79.12,65.58,77.68,2.131,2.156,2.15,2.134,1.772,2.122,-1.87,0.252,-31.02,-1.915,398.5,427.6,21.87,295,21.35,22.02,-0.041,0.13,0.126,21.26,21.09,21.22,21.18,-1.288,3.48
2016,06,01,22,10,00,7511,21.92,22,21.92,22.29,22.19,22.45,83.8,84,83.4,80.9,66.74,79.69,2.205,2.219,2.194,2.177,1.786,2.165,-2.041,0.943,-38.99,-1.693,389.5,426.8,21.69,294.8,21.23,21.89,-0.04,0.13,0.126,21.23,21.08,21.2,21.16,-1.555,3.191
2016,06,01,22,20,00,7512,21.95,21.99,21.92,22.22,22.12,22.3,84.9,84.8,84.2,82.3,69.26,82.4,2.235,2.241,2.214,2.205,1.845,2.218,-1.994,1.015,-39.73,-1.371,388.3,426.7,21.62,294.8,21.26,21.81,-0.033,0.13,0.126,21.2,21.06,21.17,21.14,-1.765,2.919
2016,06,01,22,30,00,7513,21.94,21.94,21.84,22.24,21.84,22.18,84.2,85.4,86,84.1,73.97,84.5,2.217,2.248,2.25,2.256,1.937,2.259,-1.796,1.208,-35.12,-1.082,392.6,426.7,21.57,294.7,21.26,21.76,-0.029,0.13,0.126,21.17,21.05,21.14,21.12,-1.933,2.66
2016,06,01,22,40,00,7514,21.84,21.88,21.78,22.1,22.02,22.22,85,85.7,86.1,84.1,74.62,84.7,2.226,2.249,2.244,2.235,1.976,2.268,-2.214,1.25,-44.17,-1.355,383.4,426.2,21.53,294.7,21.13,21.72,-0.036,0.13,0.126,21.14,21.03,21.11,21.1,-2.081,2.424
2016,06,01,22,50,00,7515,21.65,21.79,21.67,21.99,21.75,22.07,86,86.1,86.6,84.9,75.76,85.7,2.225,2.246,2.243,2.242,1.973,2.274,-2.388,1.218,-45.37,-1.639,381.7,425.5,21.45,294.6,20.99,21.64,-0.04,0.13,0.126,21.12,21.02,21.09,21.09,-2.207,2.205
2016,06,01,23,00,00,7516,21.53,21.67,21.55,21.87,21.71,21.95,86.8,86.7,87.4,85.8,76.53,86.6,2.229,2.246,2.246,2.25,1.988,2.282,-2.29,1.109,-43.03,-1.697,383.6,425,21.38,294.5,20.9,21.55,-0.04,0.13,0.126,21.09,21,21.06,21.07,-2.312,2.001
2016,06,01,23,10,00,7517,21.42,21.56,21.43,21.77,21.6,21.8,87.6,87.6,88.5,87,77.65,87.8,2.235,2.255,2.258,2.267,2.004,2.293,-2.182,1.051,-40.33,-1.698,385.8,424.4,21.28,294.4,20.8,21.44,-0.039,0.13,0.126,21.07,20.99,21.04,21.05,-2.419,1.812
2016,06,01,23,20,00,7518,21.31,21.45,21.32,21.63,21.45,21.8,88.7,88.7,89.6,87.9,76.39,88.1,2.246,2.267,2.272,2.27,1.954,2.302,-2.012,0.99,-36.81,-1.705,388.7,423.8,21.18,294.3,20.69,21.33,-0.038,0.13,0.126,21.04,20.98,21.02,21.03,-2.534,1.637
2016,06,01,23,30,00,7519,21.19,21.33,21.23,21.57,21.57,21.71,89.5,89.5,89.8,86.6,73.43,85.2,2.251,2.27,2.264,2.23,1.891,2.213,-2.061,0.935,-37.36,-1.753,387.5,423.1,21.07,294.2,20.58,21.23,-0.039,0.13,0.126,21.02,20.96,20.99,21.02,-2.646,1.474
2016,06,01,23,40,00,7520,21.09,21.27,21.25,21.64,21.45,21.75,89.7,89.1,87.9,84.6,73.27,84.1,2.244,2.252,2.219,2.187,1.873,2.188,-1.992,1.105,-39.1,-1.668,385.3,422.7,20.98,294.1,20.51,21.19,-0.042,0.13,0.126,21,20.95,20.97,21,-2.744,1.319
2016,06,01,23,50,00,7521,21.03,21.17,21.1,21.49,21.31,21.54,89.4,88.5,88.3,85.5,73.34,85,2.225,2.224,2.208,2.19,1.858,2.185,-2.761,1.368,-52.62,-1.666,370.8,421.7,20.81,294,20.25,21.05,-0.05,0.13,0.125,20.98,20.93,20.95,20.98,-2.827,1.171
2016,06,02,00,00,00,7522,21.11,21.32,21.26,21.52,21.59,21.69,86.9,85.5,85.4,83.1,70.74,82.6,2.173,2.167,2.157,2.132,1.824,2.142,-2.501,1.853,-54.05,-1.391,369.2,421.8,20.78,293.9,20.38,21.04,-0.04,0.13,0.125,20.96,20.92,20.93,20.97,-2.919,1.028
